feature1,feature2,label
0.05655136772680869,0.08487199515892163,0
0.3081364575891442,0.6059441656784624,1
0.43066964029126864,0.39353182020537136,0
0.5441770474293208,0.4448541887258536,0
0.4648938620973121,0.3184651278536774,0
0.5605103610264989,0.23612340711506208,0
0.5102238458372012,0.998683568192552,1
0.7967599214216395,0.7344016918939777,1
0.3537869778416035,0.9809765730721266,1
0.7151508982374535,0.4614066977419776,0
0.5008410626306549,0.8315244897918123,1
0.46101216488163765,0.5677050704202443,1
0.22181101099101086,0.324667243768898,0
0.26813751289981635,0.9113778358680468,1
0.5042488169833176,0.5177477561485521,1
0.20781847453792723,0.5118916583552825,0
0.8203999947120169,0.7259492874772981,1
0.058758896398655724,0.6529099274345497,1
0.10626598264552489,0.52236266535893,0
0.8805817593662799,0.42291764838969603,0
0.17188099212573238,0.6727654414135418,1
0.7294235074418041,0.02114486972315066,0
0.1837388092509762,0.6914954260135907,1
0.15142010875655154,0.03626899424341401,0
0.11311490301807692,0.33721377319664525,0
0.7399466637207005,0.9020201583500368,1
0.4727795120983127,0.22552757034788762,0
0.44782186141915115,0.8747630413479673,1
0.5148026967641771,0.14382946397694396,0
0.4197555456557469,0.018033219124926614,0
0.03355624624864695,0.16116501518123416,0
0.9834660940475277,0.9341303186968067,1
0.25078076184115716,0.591237345547998,1
0.256609288488035,0.42301692276252156,0
0.4087264177220743,0.111174967229976,0
0.1817600783004253,0.23152542937714082,0
0.309726070877413,0.6417587576806747,1
0.7289310455775243,0.433733868789665,0
0.41801638848245637,0.5250645323197618,1
0.3661839665433979,0.5192096900989855,1
0.9835210735533187,0.3722267099341341,0
0.3059223607062649,0.8406116871188408,1
0.41067437557350694,0.48586294400200114,0
0.2843593509803859,0.37290210504696797,0
0.19235912796682386,0.5715527413293309,1
0.3950425601578629,0.12172948013366958,0
0.6409915938310651,0.9596685633958122,1
0.7772119346497987,0.7235182799831297,1
0.7987220836796798,0.26894249382765256,0
0.8043499769193377,0.9320538602182384,1
0.48878947344836343,0.2594053413611732,0
0.5859005803451007,0.81785325389915,1
0.14650104795623142,0.4167680434748887,0
0.9886370287076425,0.6480820777831361,1
0.6707323259499417,0.681099007497837,1
0.5408932491145007,0.9499387217228025,1
0.7153648176354613,0.2572605175492607,0
0.40416338946274066,0.9951330375563592,1
0.4411832594787216,0.029384909642724777,0
0.510171503227743,0.4824583252813677,0
0.7053925368780529,0.47249917954286,0
0.6584850257740427,0.7616088749444486,1
0.40272388470389164,0.6669718800675543,1
0.4645488077668345,0.7115764834486933,1
0.017137396357369994,0.9432295651475131,1
0.884679727052069,0.10045738063740839,0
0.7442456925018666,0.5862274436669251,1
0.6123237064383619,0.43439798416239184,0
0.20499749461103856,0.9667807874095398,1
0.8371914973042014,0.6584020634401193,1
0.33489063724358137,0.26694526432098364,0
0.7539597403081971,0.17369963794666654,0
0.6749931843961182,0.7874222906934997,1
0.3816634192488769,0.46465669330714277,0
0.9669137597219639,0.36645968283725705,0
0.8704937076301693,0.3084304444363558,0
0.9147031255268172,0.07671401096867558,0
0.795840980948305,0.6534094411341129,1
0.6333144024805164,0.3911258101179621,0
0.6288401714648099,0.3080792802644603,0
0.27748653338305496,0.9577546426051324,1
0.36460337947097876,0.318391512007135,0
0.44200897119496496,0.29198716179327344,0
0.6396202237598902,0.9296422099548148,1
0.18954620325809202,0.6784706551299812,1
0.23317208341237605,0.8085363697305306,1
0.34225324750501185,0.8785813131933597,1
0.9487821111119297,0.7425599053459221,1
0.7535343167895415,0.9790691861239429,1
0.3674342729790927,0.39517778518795865,0
0.4766340113259664,0.8935650655889159,1
0.028029524566749897,0.3507800040176928,0
0.7615609366577561,0.436427898767486,0
0.3899111117508093,0.284653324402105,0
0.9261775351945414,0.0950454098784631,0
0.42039755255290867,0.25017622924701477,0
0.6106047559295025,0.3364580865211495,0
0.14404238892699173,0.850823604040306,1
0.5229900894820038,0.8453739890189084,1
0.3945736007970223,0.9973512295942069,1
0.31683879751437305,0.837638978820522,1
0.9849336035230016,0.9889301017023259,1
0.5247667912590958,0.046157359174276436,0
0.9373844260074753,0.6797291450202806,1
0.7979277425060437,0.008845450378555664,0
0.14686021527130066,0.6697643621515051,1
0.04976662887799366,0.8987203350279238,1
0.13863354694658891,0.5021589066248724,0
0.8220485882031889,0.522884907853504,1
0.49210291356971725,0.13176352188090934,0
0.05315657418993336,0.21521699895245017,0
0.9041848326844553,0.7175847927070963,1
0.10544544334198991,0.8178088527276283,1
0.29739380881665856,0.4308633218983051,0
0.8115048564919413,0.562462755292335,1
0.9868864512433171,0.2291029797544577,0
0.03061509580877053,0.5517247524243978,1
0.6450915272392206,0.625432454224778,1
0.04779154611019165,0.7722226221952915,1
0.0381693295317429,0.19588468966739225,0
0.186476511976715,0.9558230794391178,1
0.29179488094821937,0.20886588959061936,0
0.9024580159663323,0.5689328243399342,1
0.45535961015088644,0.6592549820399763,1
0.910483829794438,0.21439408077736977,0
0.5254566799678791,0.9238066516206488,1
0.7862366950099818,0.44767036938253546,0
0.25457890790073157,0.190847095704198,0
0.5733080531489558,0.30946163140808325,0
0.2222520244757804,0.6156887162777093,1
0.30782074383762925,0.20730614315937046,0
0.8704517560381315,0.19790653132846492,0
0.7241433610360848,0.34283972399413354,0
0.018256070335403107,0.5797966165410933,1
0.3757015818438899,0.06485195184620862,0
0.49552742748559586,0.8007872759436383,1
0.9647883687633607,0.9259622784490766,1
0.5913228512985242,0.702227029144034,1
0.06189467952754979,0.6656423304186556,1
0.43611613750010736,0.9704453085048914,1
0.21511261344409716,0.2240779254955122,0
0.9456404860580907,0.6745213419465925,1
0.5146803131161238,0.10097806427221279,0
0.58088142477192,0.704822119028835,1
0.4785362410675672,0.12932670599894536,0
0.6157451953355798,0.6463632531114818,1
0.08660104631125587,0.670020484450388,1
0.6605258156978157,0.4732189405488716,0
0.9225809134343481,0.6059735369649402,1
0.9474829430917493,0.6358697136904345,1
0.9672544088200168,0.025577672156036346,0
0.6724631411952251,0.9991843442209525,1
0.5403186567621009,0.6096180585778762,1
0.16259558211053038,0.044984467446049226,0
0.673161269585832,0.2947622464588423,0
0.7880726228185919,0.8946981446414178,1
0.5969494872739954,0.06759861292420499,0
0.40530806094403415,0.5001998830801689,0
0.5174387395105554,0.5277410143686301,1
0.4268904561521276,0.45980598580248355,0
0.5164054991159571,0.4399844478519337,0
0.6475640419567436,0.1623927317231908,0
0.023032793784982353,0.7051773010728054,1
0.2504103778366278,0.44238109491790756,0
0.21936547274301543,0.7506735893522437,1
0.027905795175778847,0.30224727042962607,0
0.5689194668955196,0.686375552941587,1
0.8470596866209635,0.4617241316095889,0
0.46087192213608286,0.952204517542569,1
0.8978462237543561,0.7470187468095937,1
0.597999330322902,0.624226641068499,1
0.390562530253429,0.6162923197558965,1
0.7982155573145993,0.3487986413059472,0
0.4085017699834037,0.49884655109271303,0
0.911710041110168,0.5703422793481673,1
0.8962834124604983,0.6703047477717768,1
0.4547273151676602,0.11430798478934945,0
0.7331606030912649,0.1786309834394687,0
0.5997712051883839,0.4023420484365501,0
0.018440174643468255,0.030379118792678184,0
0.3298218951061124,0.4784061957252759,0
0.6388803489994201,0.575093226161381,1
0.30319953546651446,0.8301951094815732,1
0.2793880409440953,0.5036939323959332,0
0.9811507895687213,0.18120672475340494,0
0.2249619380348825,0.5859675069781638,1
0.5108197097715662,0.16162978113858673,0
0.17988172677824554,0.19816677813702155,0
0.6152023226516944,0.7910003791321755,1
0.0014495150831908,0.0839209516083873,0
0.3954463125530082,0.8368226291370008,1
0.5710285556692384,0.4725998593899712,0
0.8049394777403103,0.8789564875537538,1
0.147785595581426,0.4837528954278618,0
0.7988802812423961,0.28648282524777546,0
0.416999704474582,0.12565714259695993,0
0.0391383744502809,0.3376878906731975,0
0.6186318647185943,0.6350742750367423,1
0.1553820655795538,0.9220372380491128,1
0.7750255321834133,0.50462127335502,1
0.6141280392980493,0.3513463074807064,0
0.5531371292543582,0.020341014506739197,0
0.8610973920243336,0.7532257813800045,1
0.6768241402360317,0.4806282569667403,0
0.9617982710828836,0.1148682386197557,0
0.8458529689333192,0.1557685729005911,0
0.5357547933539204,0.08930888766133305,0
0.22978643927757736,0.33479571334219405,0
0.4110495720019597,0.6567777472544505,1
0.653149035276847,0.34483943823193275,0
0.04296399001221418,0.6846015822265205,1
0.2231422039380737,0.2683054031087484,0
0.8340430972756611,0.7205153377279185,1
0.709683925452199,0.5371219511817158,1
0.4553234105796987,0.40608683568197945,0
0.39366862191440855,0.5632733934899236,1
0.33780419396671146,0.22666193577248572,0
0.8308475311113541,0.17154658132688083,0
0.4262442623341566,0.007397503483876133,0
0.1898693698189129,0.001808421259313131,0
0.15463720391977942,0.2683739949254753,0
0.5174638997511978,0.813238444249449,1
0.8422860382968457,0.7664860434424992,1
0.29459581368010046,0.5765493099452056,1
0.07201508107255516,0.007876316126053773,0
0.08978365281468237,0.8381270307943126,1
0.15761203293219062,0.21854006774746926,0
0.43335393910111775,0.9717070647372428,1
0.16258351404764582,0.07033983847454406,0
0.7369253439724788,0.6793154193910569,1
0.5619907754013437,0.8976880266630178,1
0.7268812611588907,0.7915093244728236,1
0.8244070874816963,0.5018941752313223,1
0.025543947860504068,0.6199425828382609,1
0.7830307147697086,0.19495705183068246,0
0.6459095630524427,0.4674589435412977,0
0.9740699883080804,0.4444252272269119,0
0.3209226206783131,0.4178847868218756,0
0.13467272685460663,0.6943459361771798,1
0.7893337238918463,0.4192351020739117,0
0.021253131556385862,0.36611350785173224,0
0.4761958303352629,0.9405108740174954,1
0.10311557978271546,0.007295348323843931,0
0.769746384245096,0.8869853207994869,1
0.01809564712085132,0.5859931634353293,1
0.6641602956027338,0.6710467236826767,1
0.8861932319629189,0.9036492378881162,1
0.27661670075468203,0.23960505862228976,0
0.6798876734397872,0.17595299053465463,0
0.5830125823622874,0.6452858168020755,1
0.20531213756000166,0.1317814780030373,0
0.491885302155898,0.1868249938641119,0
0.8189301117824552,0.5653462060240115,1
0.9610065543083972,0.9996046100750998,1
0.474805209792995,0.6575127328938756,1
0.623762044476614,0.996652041340161,1
0.5358063741516781,0.6464298040018575,1
0.4614787182296852,0.6070717211302956,1
0.37496763857278026,0.652044148260324,1
0.308536480643664,0.13762840067806426,0
0.0015939901034025539,0.913910655889249,1
0.7893142584134187,0.9365236051553614,1
0.032465011082208894,0.11224314858579698,0
0.6267306842980476,0.9480577485588303,1
0.9104624008737674,0.9189409553998071,1
0.5194252276303079,0.5370974608459932,1
0.7696645006261519,0.3019630625623998,0
0.030477448650336525,0.006141704828141026,0
0.46757520748382586,0.6444213307912241,1
0.8178485013602492,0.3316254740374316,0
0.7586568294131035,0.8650136896680727,1
0.8441577648885755,0.8519344292272363,1
0.8729982102203252,0.37659968598949556,0
0.4427160033056182,0.4862604394019967,0
0.4592404592180518,0.4295445714823233,0
0.874941455118575,0.8091013919767074,1
0.05570521042939858,0.6592189953563536,1
0.28815390395504614,0.7499859254767937,1
0.8801683471785958,0.8261289206543758,1
0.7520315276750645,0.27648099910863433,0
0.7308034452197867,0.6761027998169385,1
0.2069784107617899,0.8248000063519794,1
0.18241010723279727,0.49799549578306823,0
0.5519869820012622,0.8512442720200742,1
0.2085817513646543,0.2663883571177238,0
0.4823179906717988,0.5237380024035491,1
0.038520964307868,0.40807791684053063,0
0.8201683567796054,0.0985719818958869,0
0.173662642385491,0.6164935301522667,1
0.1868515389228923,0.3342643806802076,0
0.6277599320363363,0.3967505866578609,0
0.06727956659531642,0.24979936436293004,0
0.054330780295512415,0.8077678669278315,1
0.061426170270153846,0.7726794457717135,1
0.5938680220317464,0.41650815358969595,0
0.2623672324616466,0.8108262512983284,1
0.4654049331576563,0.7854921908068226,1
0.7494112223475676,0.73831451378041,1
0.612642917473427,0.8721849066274797,1
0.2542820872965198,0.017386063879954117,0
0.9482432739512971,0.09219822948753054,0
0.33897745646186783,0.11105165886335167,0
0.8227048974101874,0.25630308138482927,0
0.2639259196371998,0.5661575818477741,1
0.43229971686050983,0.38713421734978304,0
0.10648802906873156,0.39365089300038925,0
0.41324341596432057,0.45188350690888557,0
0.8137730247008347,0.019728448594303782,0
0.8875409718466679,0.20172024969875557,0
0.2617958911778999,0.0262131042176057,0
0.778130310119209,0.3970523528981388,0
0.268503178698661,0.3755020528476283,0
0.006881268314750444,0.02195179610736897,0
0.7573330229421092,0.6957792441302612,1
0.10230762696662365,0.41177241994410296,0
0.9833904758548232,0.9646481128899999,1
0.07041075237420769,0.45277023276408,0
0.40082830547548154,0.706316294294155,1
0.23708297781668408,0.889630510114104,1
0.8633508228534623,0.9832913490900755,1
0.29831157859589563,0.21754033545740104,0
0.0939940723631959,0.18515428843144344,0
0.22477634739284047,0.19562911808732097,0
0.529334876336396,0.33758727838284386,0
0.301670599913899,0.48626214831614967,0
0.33917628438367975,0.9405667122432497,1
0.5298236787208416,0.18297836124377442,0
0.2844818193033275,0.1329793400941769,0
0.6834205215104682,0.031962105333527724,0
0.5228536494114487,0.8537186575122465,1
0.5414083690803404,0.8011208047810371,1
0.601996235377307,0.23596527902397546,0
0.7274461151649476,0.9107884225927236,1
0.011696689338888011,0.5530760634478732,1
0.7557365693157224,0.8623147861221004,1
0.685205165471304,0.5839603898566129,1
0.7861553634707341,0.16709457262947958,0
0.3423378111654777,0.07823760289720416,0
0.6965377561285667,0.20089465160412012,0
0.816423002489117,0.6317197132988177,1
0.36619399406121356,0.7248654007458075,1
0.2801676684097676,0.18069138710796717,0
0.8323642990717076,0.026932057182627367,0
0.8284567014977379,0.2428509724547787,0
0.30998968825042506,0.0037432271009371076,0
0.9592942469478162,0.33199099092628437,0
0.5299889869674489,0.682676355578093,1
0.492420665433868,0.3864585532062137,0
0.4652866980028362,0.6967461187154943,1
0.7399350281910801,0.3935477161586233,0
0.5935997416234019,0.7526262829026157,1
0.42110559866395125,0.7408063943049367,1
0.9059415291288663,0.21271787313381008,0
0.40107116509287444,0.8183127750551726,1
0.02378270331021093,0.412935931993326,0
0.14110820071974062,0.11209438880819089,0
0.039793221521312705,0.23933638137646351,0
0.532563285149663,0.33387994008167443,0
0.5491462889130491,0.9879128391876844,1
0.5337336995254222,0.4046523444588148,0
0.8198608426159089,0.23874487788380572,0
0.7572822230533808,0.1186618300282013,0
0.2432491143317571,0.7958866959130636,1
0.15467395652482785,0.47880248307162476,0
0.44781832223991735,0.3092349852061379,0
0.8384338579414108,0.30763979912952133,0
0.42329940011365363,0.12005901574878619,0
0.9206905152706931,0.35720418872682524,0
0.14103749463178128,0.26734941910754717,0
0.9915795865948757,0.006617895388901118,0
0.03134218144014789,0.3499922514956042,0
0.16722233414025656,0.8837781767291902,1
0.7216876764053194,0.6951077637149237,1
0.456199805017903,0.08035826150756187,0
0.20774988140148232,0.07252243417096338,0
0.6409829658500097,0.3617920822584414,0
0.5841066016500571,0.3521544166243702,0
0.264730007554266,0.6636441184328637,1
0.8736935015678887,0.1228103859769204,0
0.9560535696652429,0.2541350969429398,0
0.07034236796057147,0.776966533845109,1
0.18217363076920223,0.660347745722272,1
0.5228260893291077,0.8536945907565677,1
0.03185058303974919,0.13724862188109543,0
0.017468193508696883,0.8197295123790104,1
0.764384647019613,0.7468714806716603,1
0.7826443143424725,0.29854051465064346,0
0.9203236137711623,0.21832481653802538,0
0.15138749398460183,0.05118739791167415,0
0.5645661230619333,0.5222311411904116,1
0.8670288548897274,0.3463585422612475,0
0.0549442495759257,0.4046540261563333,0
0.7697859305378107,0.4532307089644635,0
0.3328948926777149,0.4419973590717362,0
0.3243187760538918,0.15378043590365886,0
0.2731106851049443,0.9976085001059675,1
0.5501459747585026,0.2858931843867515,0
0.30423757854532973,0.406151476245982,0
0.9949813355638956,0.685037805689604,1
0.5815494043823086,0.697567134846322,1
0.9691849172541429,0.5343369906512573,1
0.6016909585167227,0.7260533868241343,1
0.9738557382515036,0.41610695143515064,0
0.5564961007625872,0.6892943669629844,1
0.008509118569389185,0.5275270687416921,0
0.196593892955222,0.9039619979433111,1
0.7238389970625078,0.20559460006773178,0
0.5792236281649458,0.16041855209891565,0
0.7681646124440893,0.387672300756044,0
0.5552220033587045,0.7409337108239478,1
0.3299969883696776,0.3721522080692572,0
0.7555037840384126,0.7006777594285737,1
0.580754883859811,0.6442387441407009,1
0.7996888322969284,0.19287913615059538,0
0.7898394919568109,0.8801338230916608,1
0.19404142815915637,0.5346474851308887,1
0.1938303263050315,0.7700143433744507,1
0.6105535893523059,0.6797366818221511,1
0.5462862288725281,0.6145107564530293,1
0.8993454576608418,0.473873487718945,1
0.3965603074011925,0.6388309256921529,1
0.286759975494119,0.4118936140904059,0
0.5138336670381497,0.561123720002216,1
0.7028662513475398,0.9569639399440973,1
0.9793502903631485,0.9713443504505325,1
0.26619428722920035,0.7764508507777279,1
0.48580692386512747,0.3080703969006485,0
0.932323012119619,0.1850669751821118,0
0.2549616976821759,0.5317081340318252,1
0.05537234889974196,0.3310019599369529,0
0.9680872668485294,0.8318603112993376,1
0.2139609151118249,0.6267271458300903,1
0.36797127960952125,0.8541638620767978,1
0.6463576545948294,0.5450071803927268,1
0.035504221149355475,0.6251340732044574,1
0.020704956375643513,0.7240552990690104,1
0.08377339753225099,0.4732223874388266,0
0.7195544014190909,0.2757583203589681,0
0.236173617123852,0.4324335187888734,0
0.7980417980505041,0.39785009438456453,0
0.9862867946038171,0.38961418137680537,0
0.413108285410986,0.1150863760985541,0
0.6532175261512029,0.14718548890434413,0
0.0077372084511539985,0.939824538612353,1
0.1782603926548899,0.025395432502585025,0
0.48248712477794387,0.174416673409293,0
0.38766408294991783,0.8322845458238981,1
0.99407894959106,0.5951417061076217,1
0.5224656023928267,0.8321416593171591,1
0.8615979951050958,0.15072255972665838,0
0.11986171981615901,0.27950533061334026,0
0.1804448008912889,0.9905341403434865,1
0.8859566573494242,0.3205220177720358,0
0.26468131515238646,0.008643228022867877,0
0.6687990940905787,0.6971584726649503,1
0.9270007905481292,0.6110303824057871,1
0.7142684093898563,0.9442518472518924,1
0.37026714919982806,0.8949663052046442,1
0.7198342796181152,0.9325292340742405,1
0.8485694017422198,0.40702608903707727,0
0.6606633125698331,0.9248599814605343,1
0.45842242363116403,0.8434547142134668,1
0.8342702676407479,0.8606703925089776,1
0.24543335223055318,0.9649829294226444,1
0.946821458268466,0.013637474384683101,0
0.6979629962157187,0.2979524175408792,0
0.3662290530129988,0.6530241516985593,1
0.52442091863176,0.926998062094302,1
0.30222939462806453,0.5430575887706753,1
0.5742482009986869,0.052656324018625966,0
0.6270803467166449,0.35675956015682797,0
0.19192438798669942,0.9637142004695329,1
0.2678352215347738,0.8462704911784522,1
0.5591990162801943,0.6795266287069369,1
0.7699344030582735,0.9034210468558623,1
0.4479527085235897,0.6800527008348378,1
0.20579757406955457,0.40074281247775245,0
0.8085188992330892,0.18264691061609695,0
0.7445595455345074,0.016879500533566794,0
0.21411772754329284,0.16062171927244295,0
0.5320591712902862,0.8895632912653897,1
0.00672690382851171,0.9938277487320246,1
0.8619332299952865,0.3616898776285228,0
0.842257143958828,0.6151868269074526,1
0.8323142918559894,0.18467750651236758,0
0.9106363420082855,0.7290975238440673,1
0.7741658036768608,0.8178651799958909,1
0.7343130788052403,0.07505425016653344,0
0.4084540265836858,0.16748545208278276,0
0.08412015748277257,0.8501568254839366,1
0.7045031570521497,0.7704071930775712,1
0.24473610394304468,0.9705895025085909,1
0.435022728276366,0.8999531339647161,1
0.9903939921857381,0.014865706424378455,0
0.14504918567624114,0.7926793121342749,1
0.8931427463263513,0.24935490414379657,0
0.5797873544179971,0.4772863427641346,0
0.1294596124353664,0.8406873416235098,1
0.9478003418061441,0.3620912041155452,0
0.9150736526024135,0.5780362760499591,1
0.45205941597726307,0.8052063632705267,1
0.9337020624600428,0.30290646045423375,0
0.5161742167219586,0.946870289798971,1
0.2511142057837197,0.5412449382145296,1
0.2988748984299645,0.7392927400659001,1
0.5766355643140445,0.46112535007054256,0
0.34476220843989314,0.8438805459235589,1
0.5479723310273802,0.7379158890269053,1
0.6654613438244564,0.11616839605312257,0
0.4381369519827497,0.4597684274793846,0
0.5941523648959658,0.6899980326952777,1
0.325888152488201,0.38301616060405197,0
0.42101316225947094,0.41177903416865014,0
0.20501951153920894,0.7539989351631687,1
0.8361714918346104,0.5000194485107132,1
0.5498883966433651,0.009502008466758083,0
0.34999030329879366,0.6756667228435542,1
0.4338771404213331,0.8047436167817655,1
0.0005796275472877976,0.6426944618957049,1
0.34436759237492065,0.9391238715259272,1
0.11636198924295371,0.13730292500375663,0
0.5493488854774687,0.08227981745806734,0
0.6309350738430177,0.049691931667418254,0
0.2533511112256893,0.9888157893257663,1
0.4183012231998948,0.7885999602322085,1
0.15857311969266652,0.10997424306004433,0
0.5730823896122352,0.3912701568512512,0
0.725036700887349,0.345336923639468,0
0.4853255309029326,0.8674118275909743,1
0.8806664265027011,0.014644214870259686,0
0.9385716004474361,0.6353190447454984,1
0.8976255002844507,0.4334243170473616,0
0.9832229390295343,0.6189162105488242,1
0.03747493423752235,0.8201128436534155,1
0.12184133038083378,0.2724466973646934,0
0.9067434217564114,0.014933725964484168,0
0.3884129498457548,0.9157407451807272,1
0.9529544416085053,0.6767434011988497,1
0.12370973293825971,0.9922121294363399,1
0.15485987409013213,0.5959837790909973,1
0.19145708971844466,0.5976689073840284,1
0.21786894764150433,0.22600768740119948,0
0.8246435062959095,0.9315990581011588,1
0.2535700805443336,0.9908848429088628,1
0.07355043558883478,0.3566077416628455,0
0.6082727148438224,0.5382413379326684,1
0.7943616258159907,0.39796979793968634,0
0.8738347158552364,0.670420431158556,1
0.4869790659776251,0.5042826204592367,1
0.3604349686554581,0.0076593897927192955,0
0.09141493843895598,0.7203120082643396,1
0.7278651178975938,0.6186244837728623,1
0.965468334219636,0.5755199075716385,1
0.5541788588528028,0.31115926705102326,0
0.12250571204645266,0.07232846798564185,0
0.44542768724513515,0.12907352566521257,0
0.20714228710655536,0.4878193199171932,0
0.5104965902974284,0.8096579429224252,1
0.12430648796656274,0.920632992228873,1
0.4944420313064801,0.3638477216891559,0
0.5394025462021244,0.4445906995495126,0
0.2722645530913783,0.9516462408651284,1
0.06433409292178993,0.432090507386624,0
0.25881845525298186,0.7032189341528582,1
0.017841033741635814,0.4375512397698027,0
0.37278509529434567,0.18590600239148347,0
0.9643714479482131,0.3088565947849118,0
0.24143315147884592,0.9901977810005705,1
0.2838204105400979,0.5332112124124201,1
0.4975291430802329,0.08166905284351333,0
0.39322499458553384,0.6884737909315745,1
0.6158982846370143,0.8000960635654095,1
0.6242771212177691,0.15341291068467344,0
0.4871606638225362,0.3661855366645633,0
0.4744283325793399,0.004208182559744644,0
0.6835175056342868,0.9140899460770521,1
0.2061211545137157,0.6276152945615616,1
0.7262416103548445,0.8854613833075691,1
0.2818818990063586,0.08788956238302192,0
0.7724489163671957,0.2657888657057489,0
0.5762070712741814,0.6643090190895902,1
0.7037845770124109,0.5220927258470336,1
0.176181177103773,0.3351995508245673,0
0.9356769565925517,0.1012687803714093,0
0.8609917823875131,0.846374220279953,1
0.7484729576406907,0.9719717425301694,1
0.005553932760061997,0.7545606873078585,1
0.10759737547589843,0.39579601446581714,0
0.15565218029723438,0.15549019905967687,0
0.5121432654701442,0.8054071494529137,1
0.5312954373877777,0.9059558893169116,1
0.45358937657729714,0.3988852187279157,0
0.8491165748203257,0.5623580589162902,1
0.6197860278539761,0.25877572267248783,0
0.8251856615040937,0.8574623377011538,1
0.42961496808417776,0.45817882762650886,0
0.9186564150353923,0.43332974898896914,0
0.534200021324978,0.7155616627307421,1
0.4233979338126903,0.26684578732015163,0
0.23962590207460432,0.8129336844200429,1
0.30446935222887617,0.6579210009297164,1
0.5094686176027821,0.8630012853312503,1
0.27677669985754527,0.4660510128054929,0
0.07555998471402514,0.13760727775872328,0
0.33740011688452565,0.2174450169540597,0
0.38156211720485,0.5463653452575226,1
0.43139798195255974,0.7124499308444495,1
0.7098048757647083,0.7453408577122431,1
0.1581280149143628,0.7703834379297114,1
0.18129748549770563,0.20224727817244403,0
0.37036750050455136,0.5233303932162466,1
0.2856204370733312,0.8142259669491207,1
0.13526712410905894,0.7093330490523632,1
0.45078136069931896,0.09300691343456413,0
0.4922097644195176,0.6116904425201276,1
0.6476001505571506,0.7442710521778528,1
0.7049931518257917,0.6262364482093462,1
0.2602937613590328,0.4681423082343533,0
0.7227486598229624,0.576409534839838,1
0.8297354706514856,0.7264448014459269,1
0.6015512563925302,0.21102569481589906,0
0.8847931552354865,0.2555869354639204,0
0.028331523859815633,0.035175172119167986,0
0.4682934652414513,0.571273655323328,1
0.26084085885635755,0.6984970494075624,1
0.7457810165580993,0.4827578716013512,1
0.25512443780605276,0.6106099140630955,1
0.9870056779732038,0.9485175167963821,1
0.4471516379457203,0.7658966895797972,1
0.9612766714163659,0.5340239336853464,1
0.9089908752298832,0.11576027310285852,0
0.5418770200855464,0.021356258318920185,0
0.9875202171810178,0.2771224127795815,0
0.5962554914529142,0.8512721525499336,1
0.6913054666966212,0.6012946232482327,1
0.23424004220354988,0.8105873077073105,1
0.8293399605316802,0.565595824095866,1
0.5344242577915093,0.5114187889034275,1
0.8559601044547043,0.9131563246511931,1
0.35327503206299715,0.434141474231986,0
0.012037028308689024,0.6266589720860191,1
0.5373029814151989,0.36200073696912005,0
0.21324573719733952,0.23540039602931984,0
0.10096474497437413,0.7240526936363114,1
0.7185585557775841,0.7352371109194407,1
0.8498987447964086,0.7200742129790727,1
0.7321263776519676,0.18023025805998083,0
0.07432865992711579,0.28906234438817235,0
0.39320465335044474,0.5637407039068448,1
0.7230197751514897,0.11396547684343594,0
0.28272997931275223,0.5258166787088027,1
0.49878038166754257,0.6272890605618222,1
0.15238364602577192,0.2849433053329281,0
0.9176224664042162,0.9221477734356812,1
0.12965635192150904,0.8125745458795525,1
0.8426353122331323,0.31327461700446213,0
0.9132828104060459,0.7287638652988953,1
0.3778018408878159,0.07257315401981457,0
0.9107154735087032,0.27974004614133974,0
0.11205886316257019,0.5750154797255034,1
0.6602639377700351,0.8319793393462286,1
0.7137600836087079,0.2366615787580405,0
0.44506037599737036,0.6919487330606633,1
0.4703802072109615,0.7454910084877598,1
0.8567233837155941,0.035812631541632944,0
0.919728312429005,0.026938668111012642,0
0.7500461003586478,0.8642183687418831,1
0.3700233476653523,0.24334026618790827,0
0.3239005622386555,0.34330075285199946,0
0.1378464168635759,0.35979276670635174,0
0.6795446540250073,0.4398389519617403,0
0.5848250711214764,0.13871447489946886,0
0.059657471883579616,0.6665562728349981,1
0.19510301150820641,0.6291895248727828,1
0.2852517199817822,0.06424158566878568,0
0.2600165430945658,0.39901835574324007,0
0.487024738588937,0.2755006727845679,0
0.8226159646213749,0.4987800853658686,1
0.1739418821148524,0.9660458240699824,1
0.674063611110959,0.4584644768103687,0
0.011447902618210382,0.3080248994785453,0
0.2927781512299935,0.28341003001233367,0
0.9419888696778972,0.31416995737877695,0
0.19287125530535698,0.8492900216551741,1
0.06425081498617569,0.042713499945991384,0
0.9544644138934087,0.8235226406936625,1
0.34499012124349393,0.3478066571314966,0
0.7760868229721272,0.8418228070030535,1
0.27057545798180327,0.44890851211466065,0
0.04265379378644485,0.7043934776409619,1
0.9905251552185681,0.48790764899252603,1
0.7267190920031503,0.21327790156258086,0
0.3212116378137819,0.5941939981654756,1
0.14653097022147998,0.8015614299059927,1
0.40108369885206985,0.441182270410301,0
0.015356013844662786,0.6487081358297145,1
0.4731472863755595,0.23273394267033798,0
0.27918799580036224,0.014043500888749505,0
0.6190760784438263,0.7843982188813419,1
0.2745505906844925,0.6205831329372318,1
0.09406447213057867,0.6751986278604374,1
0.7081342754474698,0.10489835109234602,0
0.760814582980201,0.5033988961148937,1
0.0900689368664015,0.7253098221843233,1
0.6762608475288137,0.9506194071075772,1
0.48427089624015207,0.20102308363277288,0
0.6091290694267145,0.11748815609738139,0
0.8840895630189097,0.5807668092258734,1
0.9640574814448493,0.6951657479559735,1
0.5333867292369712,0.9792380210985449,1
0.003628142927832201,0.4488728210237334,0
0.027923793039067224,0.8395754565140382,1
0.4328456659526567,0.10239761062170216,0
0.7145531544832688,0.5156115890166426,1
0.8765516140201386,0.8866162683699992,1
0.7752064341699646,0.40139575821492424,0
0.2516402255805342,0.5230677381060137,1
0.7656807609963379,0.28190878674869346,0
0.981274134860956,0.22966171427250504,0
0.6410016009721285,0.6530849140607146,1
0.9431018806830181,0.1241120463330716,0
0.9914518500183627,0.25401484292291643,0
0.6853845259891185,0.5316320922187835,1
0.08717006801606897,0.8645992381370976,1
0.6358749211361857,0.6678431464400499,1
0.1910808159298607,0.44775407537239664,0
0.5466372801196123,0.31371185288968473,0
0.7618596031960848,0.8294048598748452,1
0.6628975443132943,0.04770924016391043,0
0.2806723882151394,0.736365740236801,1
0.623916903143213,0.5991703744748192,1
0.13696613945160518,0.4811701583214003,0
0.17730198966381794,0.39710777810029396,0
0.7522974841100001,0.22684849421753872,0
0.11710648851891792,0.7048331720941557,1
0.5886304279614083,0.8434053061574766,1
0.40189541500800585,0.12590354675040527,0
0.2657113083095851,0.11124023358871482,0
0.6331449578765777,0.4672302473861295,0
0.8475249789153309,0.844116397448608,1
0.6422848491814621,0.06493868859407048,0
0.8845966652797265,0.1287536882129544,0
0.6554462145302276,0.8675844597093237,1
0.47907092429411635,0.17509912164689478,0
0.40985890691354143,0.13498660294096698,0
0.4145258363192412,0.5274328210439791,1
0.48842939917093486,0.9931295518541418,1
0.3290566036149175,0.032017304578730865,0
0.4801037699525157,0.29795346239791487,0
0.8071739068003563,0.5732873590405954,1
0.162131398003745,0.2915207574669959,0
0.9412735673378204,0.4045301607003632,0
0.8621896535996084,0.395913299417297,0
0.17227948663464066,0.8476355997513303,1
0.7129626944675121,0.3285670045942365,0
0.621239784279879,0.8709191035336864,1
0.8517961275853444,0.7475420929132786,1
0.202284579953807,0.12001956816949833,0
0.014257209590743614,0.686216958280138,1
0.34620941566969354,0.1262110185199955,0
0.19964218199182604,0.8937264591563061,1
0.6086033053877589,0.0034890509444963635,0
0.19224043801193047,0.891774366828486,1
0.24370951977774702,0.7832495374849322,1
0.7797743528747747,0.4204364996563662,0
0.39746774827859943,0.5259615420809337,1
0.2630195575132588,0.6097617895840627,1
0.25557109004329814,0.5791118767167759,1
0.6938175538916381,0.945229510080215,1
0.6158913247464539,0.6450263828100345,1
0.738546334835396,0.14477031838634424,0
0.25961971875167134,0.25342712399967504,0
0.1757999340057217,0.4631760211780791,0
0.6941501792049105,0.4451684163068804,0
0.5996589505777269,0.6356609294722828,1
0.10097224255798731,0.6100234128196683,1
0.13250307113191362,0.473523418157039,0
0.9067326185753217,0.8385606131570845,1
0.4843622349810075,0.2223268190983555,0
0.5847174116027848,0.4967522029937801,1
0.6587932695041561,0.5514647960567614,1
0.9363697150178805,0.18849073719859466,0
0.23535522963538236,0.5924889708437276,1
0.6964877488817658,0.09220935606690717,0
0.8621247223972495,0.0694754250584636,0
0.21473052489935074,0.45206924496768597,0
0.7230834014910374,0.6950222766277905,1
0.7249548394298987,0.5638101147958832,1
0.6134059468444188,0.5942502443985365,1
0.46621555618305976,0.9143215938728163,1
0.4507538065063922,0.059704169782473504,0
0.5983209719628982,0.12551087026154684,0
0.75633811445253,0.1276513458300732,0
0.37170217578876263,0.5193152874631078,1
0.24957721616902684,0.8998959177279652,1
0.4119988116512273,0.34379455095954314,0
0.2961946289389997,0.11695207918030093,0
0.577824916217055,0.19581915346028034,0
0.22100037161592445,0.4893586940623036,0
0.20303441453460336,0.7279623139557944,1
0.07595950204814961,0.25656101949365473,0
0.39449316074708995,0.6973384451816729,1
0.47829494659494765,0.05013884613780184,0
0.029811071640708287,0.6682314871882242,1
0.8899147527889868,0.7481571099316872,1
0.04531871024165979,0.4369653804228312,0
0.5480235143021699,0.7325073579605939,1
0.32208276270040437,0.928878502981245,1
0.3817189433866639,0.07250729653912591,0
0.136612805619577,0.1130419585455773,0
0.698295241422375,0.913619291579294,1
0.49746960815206587,0.7701784142742275,1
0.7550378983483286,0.47263710572267437,0
0.6083952414120234,0.8855405778912113,1
0.20673683273504384,0.9023961548574294,1
0.8892740224784206,0.4251959082741176,0
0.9671280573881856,0.15248771334291578,0
0.0607178934330026,0.3297422940570678,0
0.8871466575475542,0.8054358944718295,1
0.7372842251979957,0.726399833762188,1
0.9919587743934609,0.8030585991996112,1
0.4864302082969335,0.257637101773057,0
0.26282120875116344,0.3050214158596155,0
0.32765050463309286,0.16754409517797964,0
0.6285401489777901,0.34984672120372684,0
0.040031140840172896,0.6537255749143099,1
0.9574736045169019,0.7226848546043279,1
0.3248557680362161,0.1700059907395035,0
0.9435023378087405,0.07996455167565353,0
0.9963152849513021,0.5874496344671253,1
0.3409008376870818,0.10275382863919136,0
0.563399830929601,0.06782297150156003,0
0.8561766662563177,0.043992739167376116,0
0.09225043960017987,0.982544926995057,1
0.37591993932983514,0.3453264155218341,0
0.5752937909814538,0.6559641114913405,1
0.5116592395864992,0.25477535897260806,0
0.23548862544540627,0.8561792448998413,1
0.48582635499736826,0.14124476078129466,0
0.6224737689520305,0.2725082640160461,0
0.26966218676153586,0.7589245176851975,1
0.8927320496284871,0.6163168522867509,1
0.9125392292050079,0.7994169813055921,1
0.7826444766069243,0.4462101737579304,0
0.9573685405060398,0.03772266831107718,0
0.13440341721034477,0.2046127953479847,0
0.8254145181783743,0.5109763880388479,1
0.5215967630969304,0.021575083195138567,0
0.8555356264051529,0.779745973115701,1
0.15994527363549416,0.6853312242599549,1
0.4170441396951964,0.6294677473987685,1
0.7917307688439053,0.8792955792132242,1
0.5287275012473285,0.978766289491707,1
0.8760477799994728,0.9244549042725517,1
0.2502956358021199,0.7973556549888511,1
0.03293061372119077,0.04290884511783544,0
0.13010716553969737,0.9744610902779691,1
0.12570584222792736,0.13763058537825734,0
0.9127606088962653,0.8864449538411762,1
0.10770296781391686,0.20460993283409945,0
0.7585153862752331,0.19819469219778874,0
0.03009271727287488,0.2938200965400243,0
0.7243205527174889,0.0008598777735256968,0
0.5713026082232258,0.883810613368759,1
0.6850809486952021,0.11823045387514142,0
0.6888380999027084,0.2899487941276512,0
0.6554159031562659,0.9865810107118683,1
0.38088259381693423,0.37225117503141325,0
0.49385131187445674,0.3297573406008161,0
0.3329809464746958,0.3589293583566656,0
0.04751061510334054,0.7073144620165992,1
0.21158069580987227,0.002144187293683819,0
0.10694289605222596,0.819122777820449,1
0.264787142801024,0.710201314866994,1
0.13930406201351142,0.7501998818874952,1
0.4639457983975872,0.8373551280529324,1
0.8341323031352785,0.31047978160185463,0
0.8050267800659957,0.5988749446412768,1
0.8678185360274745,0.6582421508860393,1
0.7257313700131262,0.1439644063904788,0
1.0497832591105372e-05,0.14752247578698996,0
0.5505628866352438,0.5666179518771743,1
0.4738449584338763,0.22571625809675233,0
0.4021303123145542,0.2344813423137052,0
0.882502176383752,0.7801912441863529,1
0.35485859242240536,0.13372478695342993,0
0.2172595319881212,0.392029047264684,0
0.4763105775118751,0.9752616494597717,1
0.09766140906578324,0.6611100203980094,1
0.6308028833250335,0.2128578335407907,0
0.7712924086630393,0.521676028833095,1
0.07082034664135894,0.12068487272980644,0
0.7919068788718053,0.926354926706754,1
0.426336431134522,0.6319069065210794,1
0.03372828470409328,0.7537321943483561,1
0.31298655592819236,0.3905862149559929,0
0.9975445326588274,0.0982634885412842,0
0.26660331511894086,0.9926707477838713,1
0.535329909120876,0.008068156502008872,0
0.9874102023263583,0.1307857495213257,0
0.19096188761303157,0.8648758286699508,1
0.35641466738650496,0.1472436559125273,0
0.2834183913644167,0.6096403795454982,1
0.7717070840453738,0.16594997004876677,0
0.07444416890340588,0.3128929468194458,0
0.7609029063888952,0.04405545505991093,0
0.5845341853370939,0.16622636668986768,0
0.3946583574874152,0.5093230602655936,1
0.8017979687389748,0.7704427006088044,1
0.285033684921686,0.9705665199315525,1
0.3545106019719583,0.8733301315839889,1
0.05397489291160318,0.9538778869653733,1
0.6258053127086555,0.5971017416090186,1
0.20015217986651257,0.3104778420270936,0
0.7132323298116163,0.33488812694488534,0
0.7811641393156629,0.13771727704802728,0
0.06242844997320873,0.7873827631997588,1
0.6321365466038525,0.08362887803042962,0
0.012207660379614071,0.21953681343787335,0
0.1464595270843474,0.5855224572718116,1
0.13031601041000151,0.20676509463467796,0
0.9153605897973474,0.6694994004943099,1
0.8254962105070264,0.9717891200152092,1
0.060198314798481034,0.6267645361582749,1
0.533018957062356,0.43144072199728367,0
0.43801796402259086,0.5420998168914662,1
0.9349201304752195,0.33242684377199916,0
0.9728947678589318,0.6619486981133023,1
0.6957115463916822,0.6218794442264582,1
0.8673192791425691,0.40648572193173294,0
0.9548490201050144,0.1772490667380492,0
0.4118183581984233,0.8539822846642278,1
0.4649683240410174,0.17772252322740367,0
0.05315895152194661,0.5577852069209709,1
0.7262710890943845,0.7400171212837482,1
0.5178272021578512,0.4086399098126219,0
0.7721632563208323,0.9413267775587799,1
0.8903200425487685,0.9240537221919795,1
0.8149391535575853,0.8626983957404082,1
0.24763387439112705,0.06930218053185844,0
0.31119706494488253,0.5117656051326295,0
0.02357112122471805,0.6341368612783234,1
0.1962318917546998,0.12511869801548803,0
0.6711342553596146,0.18040680789147368,0
0.8491863724694451,0.9263853976323567,1
0.42113642446165334,0.7044575809603955,1
0.5244701151580604,0.3385358486703408,0
0.45741643876385907,0.5535324620689439,1
0.10636669812452315,0.44079414585815946,0
0.21056004298963682,0.25422147142062945,0
0.6761440501226662,0.4082980001358506,0
0.6579836117645923,0.9077199186217366,1
0.6438106376797061,0.4333691672361052,0
0.580595470883236,0.801959960181957,1
0.8968011701130542,0.602189527368503,1
0.2948902039453306,0.6891998821503339,1
0.048619200839445154,0.995411878907137,1
0.6864051340495451,0.21525838606313497,0
0.20713480349991187,0.89465949972275,1
0.17056686087599027,0.7268575309631815,1
0.9635686748069003,0.8073059213771789,1
0.753056742098296,0.6277194559453052,1
0.7764098888325107,0.7560814622632527,1
0.337311875952644,0.12167714697760978,0
0.08114727661372312,0.6905146040690152,1
0.4538151393522817,0.8241934369136065,1
0.9569450476258903,0.30301840374547606,0
0.2842570600050033,0.46771662478701204,0
0.1827971000249644,0.602017486322733,1
0.5261588085269968,0.07955607002971066,0
0.5686949970434099,0.336520281021804,0
0.9010494027555055,0.38167289461407317,0
0.16171927176889767,0.561767991331104,1
0.36563703427143013,0.9097896658193009,1
0.9272269671454941,0.16435376926276812,0
0.7678073102226589,0.9775021092935752,1
0.6946412592290346,0.39010273385179006,0
0.5512192609307807,0.7307110590633401,1
0.08486952359604893,0.6375457873413779,1
0.7227009099651277,0.26223247403772176,0
0.7952390354639425,0.2014860180278707,0
0.9801132303335671,0.7992442256585075,1
0.1372494983428476,0.23044197896990437,0
0.095991666416115,0.22729343261745338,0
0.5966433436564071,0.9166541791829828,1
0.24005830647811377,0.8842157327716635,1
0.827707618528639,0.1828232016769007,0
0.4168526931869253,0.8226019390122137,1
0.9807866855922669,0.39523603961551934,0
0.467858858145454,0.8787844385309139,1
0.9936391136519277,0.6595796721095418,1
0.005857423396458894,0.5871353364887079,1
0.04726546210931615,0.9933757547085963,1
0.4613160256993144,0.525207557560272,1
0.5885027915318918,0.03641732151838817,0
0.7813481669140394,0.1024954843872089,0
0.10286890451228337,0.8362150108006777,1
0.07117662539838132,0.690653634477376,1
0.8402617303587192,0.33371759772527854,0
0.20038955614005238,0.4936143293777231,0
0.7872145820085225,0.05105742413205716,0
0.012625930699412202,0.6769425117568333,1
0.6153677901223349,0.5071586387777094,1
0.9937835237324099,0.2084951894911946,0
0.31118017666316344,0.8063584920619787,1
0.987798766747952,0.8351711020483049,1
0.7735169646116302,0.8144596978452009,1
0.24778530611194594,0.6311084252821628,1
0.3899167876963906,0.5642740501015111,1
0.53326804132501,0.625315506298176,1
0.44833905893578097,0.06569887508091354,0
0.7325502531254252,0.21139603953239916,0
0.7088417952956377,0.8504892837897093,1
0.9194780658705582,0.7563585058378349,1
0.9288911623564047,0.40532924474565113,0
0.4563746433656872,0.30694886720380843,0
0.09402021715325315,0.3395872803917426,0
0.26809145877186913,0.5051659595140279,0
0.5660458993687592,0.2305663194635903,0
0.09226434415327411,0.09709357981987632,0
0.34931424253668064,0.09116904316257701,0
0.8997937295602917,0.9552612098066411,1
0.4110891666598073,0.4271201281262358,0
0.33141941905109495,0.6645283146841271,1
0.002766083360856153,0.12501482470180758,0
0.5258013581194149,0.28596607244660655,0
0.7930210838632338,0.8032717933522694,1
0.45740041922491215,0.2993099562803192,0
0.168499267466383,0.6129675860389108,1
0.3247172956350568,0.6588919375786436,1
0.1891917657382889,0.47335317939734767,0
0.2787518644855699,0.008936969554649954,0
0.11065047687897112,0.7780347853006161,1
0.27555558122875534,0.8636554654318034,1
0.5225677108458074,0.5465960348703731,1
0.948505894777657,0.09930057020568672,0
0.06871117846967867,0.9831258771510116,1
0.4888382928996091,0.8076584523778251,1
0.47620921787961024,0.4850475079047799,0
0.11730521229156687,0.42426914622998246,0
0.6355895373162742,0.8078464068107937,1
0.11848566201639721,0.8033497154952287,1
0.8545561205518011,0.7661089569945851,1
0.3413861096871226,0.23850332211757885,0
0.5649252248079929,0.21419638606916158,0
0.6546333654382969,0.9223705478609714,1
0.6609859568042301,0.8291358970915863,1
0.1381149034714222,0.663155362676823,1
0.4022467414597106,0.43978657912510644,0
0.00854205431027022,0.30659452688175626,0
0.4511830476572154,0.4704540510232963,0
0.9607730815805052,0.6129276663237653,1
0.5227536106537779,0.26233853698771603,0
0.8686392219416929,0.10897179764160259,0
0.7824994396466829,0.0792876058321601,0
0.3256670733816516,0.6292833507698447,1
0.315257565944293,0.2810989682803394,0
0.6748491126298632,0.0023009468042543,0
0.6001356259022673,0.5077856794653689,1
0.33398350029153756,0.6681502713335351,1
0.29700680759805764,0.963747201733613,1
0.76562740797438,0.35717080483519803,0
0.9849346815034506,0.14011090291029227,0
0.5056518105002896,0.03951165282464031,0
0.09225195835073152,0.975926904250931,1
0.499520882042215,0.33517157172368606,0
0.8515841755727691,0.2879833582997019,0
0.4754704075688905,0.25114619613498457,0
0.9374817093035122,0.8750123029503478,1
0.8138010902815846,0.8935227273099862,1
0.5681161885632576,0.04684793522447994,0
0.6568775328786053,0.9648157883159301,1
0.7222088389385589,0.6648391976329352,1
0.22128148175009377,0.27214534556776393,0
0.4926689897500618,0.11931713868870952,0
0.34753061036773625,0.6934861262187826,1
0.15990639445714572,0.009867341478424496,0
0.9988575179477228,0.902745468764741,1
0.7594820128801412,0.8541532818465941,1
0.5407745587220838,0.4452672753765071,0
0.17038043400220637,0.9455744596284227,1
0.20198841376354426,0.9291782513175832,1
0.21523652347122213,0.08984305618492361,0
0.492576656929511,0.34108934923334866,0
0.329729207135416,0.655172244869047,1
0.8874525241890333,0.045849022918295734,0
0.10613239308634237,0.09366701109696329,0
0.5620434592614127,0.3669077328301976,0
0.9046952671047286,0.5370984614440699,1
0.87440162026885,0.7344597126210544,1
0.9155297179044829,0.6472745051707547,1
0.49982278820851966,0.19621498954146388,0
0.8869423902498919,0.7133809184320431,1
0.5881944735292209,0.9193105485844578,1
0.8901915863892641,0.9631253464333895,1
0.4414910302005943,0.9731666738199891,1
0.9415923314287574,0.4243244320158217,0
0.7060056124383891,0.029628740403557008,0
0.6197108340065144,0.9482938486217768,1
0.34333728228706073,0.38209903114665755,0
0.6884265189161076,0.6133332381940229,1
0.014487445984698533,0.23276954384728288,0
0.9612988893923416,0.8137473489137979,1
0.693448899702041,0.96297685463204,1
0.897081332045642,0.1283267915960531,0
0.14299787487518278,0.6525915004918492,1
0.7631853342419737,0.7265598201421372,1
0.8395739046356891,0.2618506135050094,0
0.708983289926408,0.8128641086586702,1
0.19228906235760124,0.4238739962623985,0
0.991661739536011,0.6246228137589173,1
0.8669860123234983,0.833858793483959,1
0.7149011553757902,0.5013310419646987,1
0.3805290586279456,0.6991799001473303,1
0.5106833873085384,0.7310295861326874,1
0.7670899492525504,0.3305154127893922,0
0.9497858333539742,0.08399136094941007,0
0.6674684007074929,0.5034878673569454,1
0.3273081832203355,0.8707229421980993,1
0.6257411900422604,0.5646891522974731,1
0.3100222628832434,0.6466757692925785,1
0.12780792427026966,0.7160555934076248,1
0.1365095461680228,0.7445468907989068,1
0.3856334521344753,0.17658925720297092,0
0.2906550242389274,0.8809301813466803,1
0.6170484716301249,0.33652652239227376,0
0.590136224715586,0.055068121846474694,0
0.3667056357100933,0.9178575046321512,1
0.3037550307099752,0.3493817021385802,0
0.9262333878684292,0.780011132722866,1
0.02586168824061008,0.7999149154278422,1
0.046935387586638955,0.5616125353467507,1
0.8690475230235145,0.7868566947364157,1
0.9144537729680885,0.5636260929486966,1
0.20012802769417537,0.5748017913116888,1
0.9236926819867958,0.32415250701967324,0
0.35716304602330884,0.4349497076104215,0
0.3319554241610365,0.6134801220480651,1
0.520308235686908,0.7617531664320564,1
0.196707524900272,0.32293032454875537,0
0.8405614069116764,0.34580673833880116,0
0.949908107144057,0.2804475723252703,0
0.6315435931245735,0.3879137746981074,0
0.9782092156308978,0.7707284632382727,1
0.9677340602228558,0.9425208252102522,1
0.3732791274414905,0.9127574855760632,1
0.7795332008899495,0.9495807401897518,1
0.9259563532838205,0.9147001391354166,1
0.6990662726858049,0.46507904920312615,0
0.06846172112138005,0.5631610420822478,1
0.8665024551898394,0.020655702767588546,0
0.9103547210923011,0.8811365798426711,1
0.0876097733295711,0.42657299464854703,0
0.9170463990420095,0.26860336503187865,0
0.7877050955211149,0.7122006644656314,1
0.4645599113239022,0.559821304753217,1
0.6207727901234574,0.2054441044562606,0
0.7101317839939794,0.5280203453924291,1
0.9288976590047251,0.2435944470043533,0
0.8455288252572264,0.46904573302897945,1
0.8525782866913076,0.31846028915209645,0
0.5169861940330543,0.8138111735932669,1
0.7156974508804183,0.6298162333353865,1
0.21868243390279807,0.570061806438087,1
0.5572393411541131,0.8610257806153921,1
0.4315283052953315,0.3705210633278534,0
0.881795331796569,0.4245580864334393,0
0.27718059356859204,0.5954446707816015,1
0.6640382667745376,0.07689082514818224,0
0.5768680247571849,0.09855531055878686,0
0.3717100251238913,0.7192906813113573,1
0.6535755961864823,0.40538381734662243,0
0.4516200110898331,0.35393119801899064,0
0.79288222606483,0.594430826762629,1
0.9743876764708091,0.07446299186444161,0
0.0774774580221893,0.3849263162731891,0
0.887947882447652,0.4180930358915811,0
0.17310396627665714,0.9419672400070365,1
0.21654839633507827,0.7407973415842649,1
0.21360984708410502,0.5525562497270616,1
0.5134363634199623,0.6223190680779429,1
0.023525354170971458,0.4735222308485849,0
0.638165015392091,0.9903602717509448,1
0.11033280013037006,0.8727065664377625,1
0.5438297125199772,0.6471138863579374,1
0.5566452376563339,0.6057628177268439,1
0.9964936634586816,0.920758672545345,1
0.0337169188209141,0.4445313994629333,0
0.8822539153960969,0.5928048826205667,1
0.11888571580048113,0.24255800452931364,0
0.24325711060529331,0.5550310633869864,1
0.8937883100251234,0.821410450583617,1
0.4087986036791631,0.9505643439777034,1
0.6258221008855906,0.04555000096418427,0
0.4175809935021091,0.6860622260896219,1
0.574896510623106,0.8343763999965784,1
0.26361232860437045,0.41302157839054754,0
0.3710189474504091,0.9609584573362916,1
0.8234492693192923,0.37748606175314914,0
0.1539114583181479,0.255079338299142,0
0.44190774226232765,0.5636645360477437,1
0.0027369306472014854,0.27895899440025684,0
0.47156235283141623,0.7261123437736032,1
0.12402119878451745,0.29843731441090693,0
0.572252503871333,0.6811594341193741,1
0.047959704599466524,0.25424774352377355,0
0.7850780099019912,0.2723148319816,0
0.9514175447955875,0.8734316902092079,1
0.432563411207037,0.8188254492936669,1
0.6007608973655154,0.7572459288029051,1
0.6426306667507738,0.3244738456446056,0
0.9176349076081713,0.5479113811985558,1
0.2757783836237998,0.9753844495309137,1
0.7492464145691012,0.5749763457472045,1
0.1312648594582112,0.2612778409410276,0
0.8458966966276124,0.07405504864253865,0
0.6964722717449692,0.48243932009008517,1
0.6003732726743042,0.9593509313576845,1
0.5070231290994149,0.20565004126048014,0
0.14551291320510917,0.2950886894473772,0
0.2180123745988627,0.8796902908890278,1
0.6010147101776057,0.2760773602202615,0
0.9826394140359368,0.42608060915395085,0
0.002486920478234622,0.5303901359419055,0
0.13730846736697455,0.9676116443640652,1
0.6945122060654305,0.9121372658196878,1
0.004094644902589817,0.763673633573227,1
0.022126120085969037,0.9233154498781133,1
0.13614576060976602,0.14062345455584657,0
0.98346537971428,0.29581267801651545,0
0.2257428793694678,0.9262857860312597,1
0.47187612461638817,0.81470795407498,1
0.8845772694020756,0.8994501561018928,1
0.33192164759474074,0.2253833548995704,0
0.7299864627075546,0.40499148499576476,0
0.5591438327807461,0.4443456457481916,0
0.14963324110689002,0.958636040922468,1
0.7480560580998716,0.1317104146336442,0
0.19718980005403242,0.09838908404407065,0
0.8739567388553997,0.8165225849606921,1
0.2754179821731695,0.29691873406089564,0
0.24530135041747703,0.20415847374405305,0
0.810786159621465,0.6358983629393987,1
0.7267510299138537,0.3376280208707886,0
0.12506465885611517,0.4658164703455283,0
0.7562889295647657,0.3519418671724437,0
0.4037480557243185,0.9934446522455409,1
0.8374440858807187,0.035108954927659086,0
0.27631888060763143,0.791564542706554,1
0.38098386896426817,0.7591271220005951,1
0.23834117235307273,0.4327424700761501,0
0.5579096115189383,0.29507450490540466,0
0.6750506603405828,0.8734635469368796,1
0.5183669589869444,0.5543093193418109,1
0.30726195903743625,0.20136055395938235,0
0.8213650888430513,0.0040297683957004615,0
0.304979376988723,0.45014378971940794,0
0.7204487149751536,0.6178168149134581,1
0.15589047125542788,0.3784681396638986,0
0.5277537579268289,0.7387875127738234,1
0.32243637887172194,0.02819558076774409,0
0.6986832994841199,0.7886855178389979,1
0.9210398304122992,0.16638332481319495,0
0.5310301154494266,0.36871059925389527,0
0.00981072803493832,0.758746368372418,1
0.07781584489985915,0.6422992172970318,1
0.10881038272199772,0.8963519437314581,1
0.56731255652257,0.928958499126041,1
0.6823684063017151,0.05633165041720445,0
0.3469179565867473,0.425778452526003,0
0.5947537505575564,0.21906707497348765,0
0.786394723240533,0.7784658051902558,1
0.6800976670255086,0.20586076444589574,0
0.720000392454057,0.3509131813062195,0
0.33355968836862115,0.7058033170914995,1
0.5140551801032747,0.8782512086122343,1
0.029893827676030438,0.1914312464592125,0
0.11920257809344337,0.5544646201192631,1
0.04428268951293213,0.36804128515267565,0
0.2917262206795572,0.9048751595335814,1
0.5156145558077329,0.9640669761881883,1
0.86038268806347,0.1760955911292844,0
0.9227349834480785,0.7353390311488147,1
0.7340206982110021,0.855822885065128,1
0.9154293034312423,0.9855223916676809,1
0.8493002825582271,0.5166023736305194,1
0.7721669062952101,0.2703299769615749,0
0.26683727852556394,0.759414054231415,1
0.9763460185708491,0.42299358399951237,0
0.7785952258382853,0.8912320573011949,1
0.2838989207128987,0.4073924571066273,0
0.07503746638245201,0.2900127499925025,0
0.17061986607648083,0.558999566780862,1
0.7134395185289734,0.8190685048103867,1
0.07216869358485611,0.9607175773399861,1
0.656732851343496,0.585879496467616,1
0.9507694829037888,0.9756111197909747,1
0.06579128699258441,0.6067018431900015,1
0.05268956263255309,0.33166418274861664,0
0.9942559235327898,0.33933964471990075,0
0.1521513528416233,0.44669501103760023,0
0.3247142316936814,0.6603519087801004,1
0.8606253887461175,0.6193531034319101,1
0.324323291585051,0.408025750067197,0
0.895430798762196,0.2862702168526249,0
0.8466433333250807,0.22033291736246718,0
0.8264858650337169,0.9445442366812332,1
0.1424534808547181,0.4735963563915465,0
0.4782947254701372,0.5951722707990845,1
0.03870478328961491,0.653119083391037,1
0.127704479907628,0.6103061386240587,1
0.5941169453439804,0.4516234661890888,0
0.10354190172993882,0.051678224706271036,0
0.7351200733982209,0.8278723254466356,1
0.5163212326020342,0.6490782080986705,1
0.8577708124961083,0.5768760509479964,1
0.8885132760414657,0.8617459882145495,1
0.9979676351473618,0.3070202177549921,0
0.9885004569441999,0.9948755739583983,1
0.3326782469884044,0.4799696714439663,0
0.04502263211072888,0.4353621734463532,0
0.5442093344563305,0.875088770480026,1
0.866995405669159,0.5681819656954098,1
0.7871101700635791,0.778610893552069,1
0.7926542992782067,0.4015700312238578,0
0.46349594189761656,0.9728205595701002,1
0.20216536505602822,0.3336319312693977,0
0.3066694309664808,0.9604676436462458,1
0.9260475177334712,0.3569121097682607,0
0.605215429995703,0.8383790017465769,1
0.32994926586113615,0.3614134527102173,0
0.01516038559330557,0.7908847878581444,1
0.030862110913249974,0.44073847699222934,0
0.9076205039301147,0.6730084891137956,1
0.4790658474845777,0.7398373998949704,1
0.8241450981583084,0.8780586179947382,1
0.05376605414756597,0.5091055387151756,0
0.5061897714520927,0.7373731608210348,1
0.9690919848498443,0.07303226988897871,0
0.2830296068681233,0.7258092324741008,1
0.3227884965263731,0.463263773700456,0
0.9100706854703023,0.24536540987946753,0
0.24682514962333846,0.04157098020245187,0
0.9715626138429927,0.28870521741627775,0
0.23338399523959286,0.08352115302345309,0
0.12085747523818113,0.3409878281282376,0
0.6860948909177553,0.8964558816259303,1
0.20765526571382198,0.751872662175555,1
0.5096815754577556,0.8234370822946261,1
0.5083930134733113,0.936974502678789,1
0.7486754578468808,0.7048453382672994,1
0.3155262189764969,0.6476796777331534,1
0.24725764541148398,0.05541835769171677,0
0.8794778787265605,0.6305829990476003,1
0.26954122532478497,0.8339853701238078,1
0.024657963962965823,0.7449707829503005,1
0.17478638363493404,0.8442023594082141,1
0.7461607930084136,0.3870056446505483,0
0.7834450950379119,0.44349510044567864,0
0.9956007532997359,0.2745800191844491,0
0.07406395812689881,0.3601473642727162,0
0.5548328005241924,0.39318687819937337,0
0.6799616664867822,0.6292571867954468,1
0.9527323006294751,0.5463185428999756,1
0.34416901694977575,0.523712121880835,1
0.2675725770353089,0.5639322881647663,1
0.8056640017358068,0.349367137381264,0
0.8688728108104665,0.6167502765935541,1
0.5337858591289145,0.8647926529929731,1
0.15891829488208087,0.14253784263053748,0
0.6763859663820744,0.24364251993258668,0
0.1455661593592238,0.6495501431052678,1
0.7250429903487117,0.6843072087230988,1
0.7810260356744322,0.9997280352204346,1
0.4994667651460736,0.26162096827512216,0
0.5153558955119049,0.7264114430806523,1
0.2928732284626312,0.1440607606357881,0
0.07066465807813238,0.45407425089686704,0
0.866359019183575,0.8711379731295381,1
0.5660941390898991,0.7914887021899663,1
0.09843200658564444,0.9142308576439713,1
0.6346000979825874,0.6417556908640041,1
0.1451263361379166,0.9143080628837867,1
0.10720979191129654,0.254905616749338,0
0.8776723732562922,0.49672970774114256,1
0.12099929304899415,0.11467681330254131,0
0.6997680299877014,0.11047007328014613,0
0.027768911464691293,0.7750272446314077,1
0.04025980867811241,0.7676753378091838,1
0.9577314794743074,0.5349282026158301,1
0.5056217397532362,0.864815753343296,1
0.1714666644902435,0.09827252174765078,0
0.904770223450791,0.3003471088264822,0
0.6826459196921525,0.8766358166778362,1
0.7390472609562735,0.22717441150332196,0
0.4345344206301418,0.009512050843392017,0
0.36060604361605453,0.0625118542625347,0
0.883231358277566,0.017751994788312464,0
0.4389318030296758,0.6672735713062019,1
0.6598383305658206,0.2298063219936044,0
0.7866102631123554,0.8186497017601178,1
0.1394976347596676,0.4436428649841676,0
0.8396771166811069,0.6489158587906514,1
0.08657118315645485,0.15119507260868348,0
0.1958282956179933,0.4351363100460778,0
0.2731419665023369,0.21613995704850564,0
0.3767581498430722,0.7018558448724027,1
0.514535880243458,0.2884669399604436,0
0.08903512661639612,0.1345656221942717,0
0.9031671870778164,0.5968081579966549,1
0.1750868144072315,0.36512035414421795,0
0.4990631837949261,0.23435149908364028,0
0.18331794333329388,0.20632383681654287,0
0.06331989982077812,0.39907045857096357,0
0.609857124284277,0.7716017902864246,1
0.0647999991605841,0.6977661358731075,1
0.8153554214669866,0.3605675990092406,0
0.8720180758428647,0.4655272426671626,0
0.6634672600908044,0.7245613584552544,1
0.7147181589893736,0.759523573150883,1
0.41776726937515396,0.41621188214070315,0
0.5414707485859429,0.5878849233967361,1
0.3497023177507441,0.1723956783900965,0
0.10402842521326883,0.8697839493797612,1
0.8348147981287177,0.3135941071838596,0
0.9757887268078596,0.40606200424532435,0
0.8723070083625329,0.2234041243985011,0
0.09190039317077348,0.8797107711314915,1
0.3360336975121221,0.046083872668211345,0
0.5084280941824638,0.39528225591426835,0
0.062109314713445274,0.5739533426575671,1
0.43656430210666974,0.4454613560469991,0
0.26498296682119693,0.06786786299638148,0
0.704772078729734,0.7598535352940392,1
0.020785178100785506,0.8592751780750741,1
0.06704369204197491,0.5417318989782522,1
0.6168445727348437,0.31151040712450917,0
0.39007425018101516,0.8975276277677104,1
0.5447170099153889,0.11840893040027489,0
0.20679800128026404,0.00919765424232355,0
0.3177827145359169,0.8426854914273261,1
0.22943313302406376,0.10571227465743227,0
0.6238931264572241,0.5660282559817905,1
0.9295703657529846,0.0754128980840929,0
0.6837338269940202,0.759610237541358,1
0.17441830966991934,0.030519106826970566,0
0.9333638464048924,0.9973489694930427,1
0.07207710084847485,0.30629223910189607,0
0.4321095659766073,0.05491411519004441,0
0.2917363076481634,0.4787597148406808,0
0.9154584471799113,0.25484865194734907,0
0.6785259270273674,0.9692140582668799,1
0.9321769611902029,0.6517073913195205,1
0.6915618154212577,0.7614052909035877,1
0.033864978406118795,0.8759116588379846,1
0.8219494198404625,0.7070101020365721,1
0.3940682202816628,0.24647059490906864,0
0.36450861822719915,0.6680989940443794,1
0.5459042693205678,0.7952619904081557,1
0.36625218751909605,0.05075028623109645,0
0.37396804591726085,0.2508185835611789,0
0.4301501366106093,0.8503032172542601,1
0.34358508046632197,0.5834083181258057,1
0.9093511271350454,0.8354190815842453,1
0.3150292511181192,0.6216997890420239,1
0.40864431667654766,0.1744250039674724,0
0.9048164807961377,0.8507108030455116,1
0.4445549259835949,0.7439516036487919,1
0.8319188135276687,0.5210389121332417,1
0.045305239704861444,0.23868587341035774,0
0.5848655878856177,0.6064169525525648,1
0.9584764085038529,0.15681401812421236,0
0.08256773865203815,0.15127924107163282,0
0.8858609929089631,0.255190372528173,0
0.31629009470589464,0.8770764745753722,1
0.3393152042393175,0.27949568447068773,0
0.5096682342156541,0.08675570799288956,0
0.3354990170241837,0.4855187381331332,0
0.6853162042104219,0.5542209183337954,1
0.7393643379114905,0.5610006171972632,1
0.44341948826886357,0.7994340197317801,1
0.05714898617033748,0.11810485497149714,0
0.46982483042697054,0.8415974813943623,1
0.4932206127474744,0.8296852790908117,1
0.4039311015536128,0.9368090203295303,1
0.41874599913612465,0.9163595575683365,1
0.40936299452705294,0.1439790806983502,0
0.2527546042220682,0.28655348974222894,0
0.4956752510648933,0.11812718194584759,0
0.4720899594435367,0.8052914800625578,1
0.9811046829878173,0.35399458031256337,0
0.3229088112018258,0.9481877183853342,1
0.8291945521196591,0.5364150589046807,1
0.8760421380797935,0.03413788650999505,0
0.2520849986112351,0.07706703794137293,0
0.06393850096544373,0.6895863930742162,1
0.9915594887642377,0.8072248114309877,1
0.48520191753732567,0.05399616918411643,0
0.503351279661788,0.9851502203433374,1
0.7445478003170832,0.7648419813876878,1
0.9663200986040716,0.47448243881065655,1
0.9059509296553327,0.24207318619077356,0
0.15367871353289553,0.20746712189092786,0
0.6611342892365283,0.47138960657945916,0
0.2714207274183872,0.1820101476671777,0
0.47176228297495193,0.471293918951997,0
0.4481429456556736,0.5881187324532533,1
0.7596430302002489,0.20836021774049485,0
0.7402801147896422,0.21398842076174485,0
0.7001661366568721,0.25176058888062125,0
0.5226980337651723,0.1542018688876985,0
0.6893035311403822,0.13244689183718816,0
0.2274361900333336,0.6690047405562511,1
0.07228878361424795,0.43070437395218364,0
0.13678050938393083,0.4358150794153075,0
0.09034181866665414,0.7970102869148875,1
0.5991663878565746,0.49081791510267037,1
0.19337301568421672,0.3337730343818488,0
0.3833048149241689,0.3460113812628437,0
0.1973655689914502,0.05782626099081223,0
0.030555902476702368,0.41149935850918284,0
0.033152749384137814,0.17014543233342738,0
0.705332475362564,0.5367263552422846,1
0.5526624162690128,0.23284466380391233,0
0.49628597071035707,0.5811903505896663,1
0.6427856184465695,0.03800624448828127,0
0.708047269266157,0.337340735750148,0
0.29553324984205276,0.633393282158808,1
0.3381948023942938,0.4982735474631622,0
0.1736873144163883,0.47107508328791114,0
0.2824747990373865,0.6819650504555005,1
0.19058453861487012,0.7414101076624401,1
0.2738852393408929,0.5978320088244016,1
0.5954440003068469,0.5119162687433538,1
0.9338496786651993,0.07483086133725281,0
0.13709092227833142,0.7339113863869131,1
0.3724990337252523,0.7397474710956714,1
0.16324242028082114,0.43658939055844825,0
0.8089240710038275,0.18520770214861282,0
0.17189048672305063,0.6781282808539477,1
0.17888230151550233,0.42177189009352756,0
0.02553744835912708,0.2611074229612814,0
0.7038904452411912,0.28836905517739464,0
0.6768858540955547,0.699311926377854,1
0.1865854816713265,0.11056034299239892,0
0.005727236864343066,0.3088052705517208,0
0.7874116948035128,0.06932368659030719,0
0.3230345114343637,0.6959856764909372,1
0.6493901680912565,0.5799113058106548,1
0.22018669440068384,0.3244413594920238,0
0.11519471588713814,0.8146034351883236,1
0.36484911481935844,0.1005707175432321,0
0.5981299055604221,0.22196430723927452,0
0.9356726832053454,0.7981019113374294,1
0.7566679580761305,0.21435397136569512,0
0.6033070829048386,0.5841173879920165,1
0.7154566970553022,0.5423547496372415,1
0.17180794661522125,0.8136789187809514,1
0.11889276068917543,0.46497170788846887,0
0.19620863723123094,0.8029596989600468,1
0.06874129952908437,0.37489287896375845,0
0.19700235565604407,0.7504881516752102,1
0.8239002362878642,0.4512384923704703,0
0.08744591143597424,0.5571699520860435,1
0.8153732661011296,0.7671935061630165,1
0.9262164981085685,0.4437936512938496,0
0.8344024898675373,0.781368708184027,1
0.23599588301352692,0.24070458039165943,0
0.52854180263393,0.03580253375110576,0
0.3842092082888868,0.6395953512788318,1
0.6790958342193946,0.6954343859888432,1
0.9132570435225209,0.7683316996991336,1
0.768230131934342,0.12340297555862201,0
0.06564947029105084,0.47668186428214043,0
0.5516741038190931,0.57885788014779,1
0.5102668009141669,0.43826795244711025,0
0.12015451195250548,0.04465424948147889,0
0.4501922091833329,0.048237780415058995,0
0.6171492475600417,0.03255830016160177,0
0.5513736302889238,0.03795270363769465,0
0.2331579959144856,0.4106680918651915,0
0.8863051433245922,0.7658495284594092,1
0.4868740966717522,0.31558276609945246,0
0.41135401798722426,0.40505416584194764,0
0.13552020480442617,0.9361959393785406,1
0.07425798141139883,0.4509218333420316,0
0.7183956801743613,0.8190004790586256,1
0.24581884931514175,0.061400961901923345,0
0.6173626259016292,0.5736124115771706,1
0.47161012379512923,0.35028541469185936,0
0.1689035914038769,0.6146914281615687,1
0.2966300208662469,0.5817989005297118,1
0.7826095970015341,0.5982576908176099,1
0.22597521745774385,0.8201662128933774,1
0.0007837809792587969,0.611182916334098,1
0.5136445674024115,0.7721632859342918,1
0.8968357746687752,0.32676021437876346,0
0.605742233332792,0.5411848441839728,1
0.5070822954787443,0.1661336049326737,0
0.39686556669365547,0.204412316841738,0
0.7515836181247914,0.5445354806932651,1
0.7117308190927527,0.6143418456605282,1
0.7580397722445532,0.6299145386928845,1
0.6055001015754087,0.005956843631735875,0
0.8720488923059508,0.8251916371282897,1
0.43736599360386275,0.3272858076333921,0
0.686714855075251,0.5630737404976679,1
0.33057070026442203,0.25106913843850653,0
0.17252448119648334,0.3494355586169501,0
0.3936381600719462,0.47690604733264286,0
0.3328742239508413,0.7737040378445392,1
0.9092350645329098,0.517265692657602,1
0.3499046852461344,0.6630995255300941,1
0.3395580585679492,0.2613219038250655,0
0.20657500440839804,0.8407350967277116,1
0.5149305491603137,0.3648343252650993,0
0.985833850716724,0.937690035040956,1
0.3216042196938371,0.41002094799326505,0
0.7973233445543696,0.04508502535916259,0
0.9252597975348079,0.3667895468792317,0
0.9353947867323738,0.17822935358012193,0
0.7065167964047476,0.27215318756297346,0
0.1718244795740792,0.40428188962001166,0
0.020455128833033354,0.7677880315380895,1
0.09279518474714288,0.4621155469271314,0
0.41189970990058344,0.8653003026164043,1
0.9547994752035253,0.33729027866714734,0
0.955038315400925,0.7095816240003971,1
0.6804749346674468,0.2703175705761086,0
0.2858411768283853,0.6758889855329252,1
0.8775466527493934,0.39101935943858546,0
0.7119839078316202,0.9273339277478737,1
0.9875195333240409,0.736807257016247,1
0.007535465446932843,0.9263775570582035,1
0.09389341862508038,0.019903977686139607,0
0.6926261835403692,0.021842978529395984,0
0.8999025998942571,0.33535309037670835,0
0.8342059666116104,0.9392973095246712,1
0.8885412033688233,0.5536644805568848,1
0.09390674157163903,0.29176378916643775,0
0.5714620335089836,0.17422524311125498,0
0.6481015879163746,0.29472776916196497,0
0.8815396032321414,0.9959971900209947,1
0.22776705888399829,0.3218342656506715,0
0.6308170401587367,0.7176458926918352,1
0.930518152165631,0.25602540110421546,0
0.38626786721856554,0.1460698770571448,0
0.2095430852839435,0.1562674620612764,0
0.4909787857265512,0.861964559878868,1
0.4138779505506288,0.16050719867386332,0
0.3143915839293565,0.3664205339339929,0
0.20460258112068508,0.8503969646201047,1
0.7536704937054735,0.7857155088200718,1
0.053512343262826056,0.4530786334306304,0
0.32707232851734247,0.27432138609731105,0
0.4671675827750834,0.2286209568251908,0
0.7474576519432451,0.5357519807633316,1
0.7647313538929625,0.5486826424907137,1
0.9984636251441872,0.810567047306204,1
0.7577768125431754,0.41048277623546214,0
0.922987792803067,0.5287090231103502,1
0.7532247151324365,0.7734558910356908,1
0.9085217137975011,0.9296925119991187,1
0.8470518326923755,0.6401384783572245,1
0.888608039173689,0.5801077843813894,1
0.9888622814899206,0.47528954674294854,1
0.6019344339537842,0.8551079040561048,1
0.41123091673413303,0.06662344331491377,0
0.6837849977848028,0.5429101454765932,1
0.22190229517245175,0.9665478120259637,1
0.22055679798285932,0.5412558984306478,1
0.9104993115527129,0.6294592752367754,1
0.35041064482512274,0.3815869011907953,0
0.8923530976297307,0.4801180721538606,1
0.7717279238841191,0.19106223591946947,0
0.918629041186677,0.31353888838499033,0
0.6996122010665413,0.5057209356021344,1
0.8505353511765339,0.28032459371624563,0
0.7158575438188816,0.818593084628483,1
0.12759072624129342,0.9432177506776152,1
0.7868533294400557,0.1630388728893749,0
0.19516690816060678,0.20587675639200764,0
0.2615894752721569,0.8116408173239651,1
0.16236580121528976,0.9601735092645968,1
0.42400141331970653,0.24220604012088875,0
0.5599605717066988,0.8188755821361184,1
0.8539142810976392,0.9407873624426557,1
0.6640739029931484,0.9478949857495543,1
0.28402628868148627,0.01205475102294895,0
0.19948839989525102,0.9453332723826586,1
0.5783666329443243,0.8238410846281558,1
0.25605573197338116,0.32282678382844165,0
0.32046759074783715,0.007169079981671156,0
0.03635941743287252,0.17442999593314323,0
0.6904430798512677,0.8445332428055158,1
0.24910863350026857,0.10994057444926497,0
0.08932331920519554,0.9473193310294165,1
0.5930065131088341,0.6281610966346979,1
0.5520956448371135,0.7460122914257821,1
0.34583873552690525,0.5763917677501731,1
0.10574752709482582,0.9983875473170057,1
0.16210309332181638,0.48621940281845955,0
0.4963239968281994,0.37507578708919176,0
0.873229243540771,0.15328572586249511,0
0.859790256380138,0.8934337930766766,1
0.5163496318261674,0.10312571510677326,0
0.5155880799088641,0.3479590185847501,0
0.4682400867508083,0.586504454426768,1
0.20941524972155035,0.28567803934690406,0
0.07811530100330044,0.14761254539545388,0
0.13085505870668956,0.5187564737954371,0
0.3555404604092691,0.4746244170486159,0
0.8002315766130472,0.19637178330319927,0
0.2579928308284224,0.4240405910153928,0
0.5423336039766824,0.763588259957908,1
0.07341751685319897,0.39960768168425564,0
0.6271178340576726,0.0383694958137204,0
0.2883697647599751,0.6385862415558611,1
0.946675718521005,0.49039694106836096,1
0.8947251713175611,0.5842635868257339,1
0.5152908009565239,0.3360179736425434,0
0.45651589045739693,0.2642774870839405,0
0.7688522096292244,0.7438794218808986,1
0.4439315388802786,0.9503717068859943,1
0.17383668004965935,0.38320699106754696,0
0.39704330282374023,0.283531588677687,0
0.4592197288761529,0.6610737216285046,1
0.3352096332917224,0.13444129465818577,0
0.7932540296827649,0.9015396163857764,1
0.7773202228760473,0.3226524341325473,0
0.9866638194779679,0.6621683584635237,1
0.5656178401392816,0.07518425628356784,0
0.7484429806511207,0.9013141767249333,1
0.9587980402426589,0.9686680550264871,1
0.8302762694719041,0.6722952341643281,1
0.5178089712188914,0.6105454255412497,1
0.9824561271536667,0.43685086395567163,0
0.2773717652071285,0.11660225131936441,0
0.6210403793636975,0.2812349478186362,0
0.8886244416715811,0.677946152553405,1
0.08145408452608371,0.11489946498438008,0
0.395792620734826,0.8738449580480143,1
0.03195627819067093,0.34287653575196797,0
0.2842348099264622,0.5092681023185487,0
0.825871682122136,0.19581482083556856,0
0.42439817870609897,0.47155264972530897,0
0.12403739587697882,0.8016893846775834,1
0.8560816901705541,0.7775484800787681,1
0.588232785129689,0.5952513247952107,1
0.6696380288186694,0.10407812810379347,0
0.35657482411925756,0.6446226429433656,1
0.6671829746096368,0.602876222444954,1
0.593165844114379,0.5528987120190234,1
0.4641168228856778,0.5897723224540431,1
0.6783297621425921,0.7554405579997354,1
0.6650605023468202,0.5130061895956513,1
0.682586197786145,0.5335428537766117,1
0.5562357869797422,0.9108577127893608,1
0.9514988914882703,0.29941814087956053,0
0.7273462258554634,0.8161486538199499,1
0.89472205738327,0.26633541640425196,0
0.04776298082165187,0.4419973385638305,0
0.028588383853032306,0.17229620096384557,0
0.6927784099575042,0.10674353578951967,0
0.7768816627740744,0.42793877622438325,0
0.4502783310792251,0.3575300745070481,0
0.8828417587652081,0.6520163834481223,1
0.34724979951091506,0.4378395423344381,0
0.0765114318417005,0.11935079673918036,0
0.7733314126056402,0.1352436189950479,0
0.01626062436948139,0.9041502980950291,1
0.4242424379546381,0.5501214893820242,1
0.6878294973825899,0.5577975429574515,1
0.1149275001955774,0.862250905289201,1
0.29793783859287026,0.14563102183708443,0
0.5253928718225913,0.3572859189656248,0
0.49902429231053935,0.3725838098076083,0
0.9168974889161209,0.1551406550142952,0
0.653806145326188,0.9234802011148119,1
0.46511146541848125,0.14077692007553755,0
0.6116089882173181,0.8506574191523013,1
0.12590134597171487,0.7967292806105815,1
0.9303623442621632,0.7061226981777367,1
0.014494505968486893,0.1574668214962972,0
0.05183732291562082,0.9887975880425517,1
0.26953751747247445,0.2595965211909623,0
0.45733802767474185,0.006328474603597756,0
0.19170895459652404,0.030608766023596745,0
0.2856541743045308,0.031921331677056686,0
0.3393447081303248,0.13853806045925765,0
0.3876386283066612,0.6013723539961884,1
0.13819248183350286,0.484871649620483,0
0.8379617518698945,0.8875600401900143,1
0.4470925079883946,0.11607377338331992,0
0.5004813627529003,0.036608350104520127,0
0.043457236668947186,0.8929585905617844,1
0.3931714831078925,0.7618796565500615,1
0.21909643471611973,0.24758900980405507,0
0.5249376941102529,0.7798596275913436,1
0.37553665594310504,0.9798362139032744,1
0.04439105473424432,0.3708823330305846,0
0.14808858414890302,0.9933322529108165,1
0.5050682842205906,0.5159068870747502,1
0.8863246678222582,0.034238532629827456,0
0.8666838995959173,0.8742970562626006,1
0.8078359859937625,0.836212973992334,1
0.47363098454403063,0.8358793743955265,1
0.18490376034538636,0.8171673825704556,1
0.6136824865964451,0.21970225899174367,0
0.7916584741914804,0.8499027271503599,1
0.3079402268825363,0.9427505589940333,1
0.3064480393249467,0.17907826375942382,0
0.28677577312900915,0.8031257446494416,1
0.04166931362603632,0.12064366543866012,0
0.21199261509792344,0.5582313056514729,1
0.31611463062548073,0.2936163843195554,0
0.40172225224107394,0.20639208985123503,0
0.4646003767281628,0.5525965616491701,1
0.9801869955333334,0.00855001867165317,0
0.8814938017974491,0.4041727173203924,0
0.7012606562649167,0.41665517468162083,0
0.3249090597766767,0.2007287066855058,0
0.07791110102900645,0.7458884790132427,1
0.8540271908999194,0.41026691965152184,0
0.4830918641377038,0.3883188223003543,0
0.4695239297497098,0.10064373119412151,0
0.4212862521475159,0.8924656548238269,1
0.4846652127038932,0.8164485285389368,1
0.4132728808069358,0.6225774636422008,1
0.9088337583129394,0.5321276012091545,1
0.5704735139346478,0.7872447453162614,1
0.47640977616001934,0.1028258333331099,0
0.8482641866096808,0.5973768845680403,1
0.2714704447062237,0.7312167237407503,1
0.8024783397627496,0.14125233385166136,0
0.8717173720839,0.8397794627945104,1
0.6010464833229756,0.5755650840645118,1
0.7738190515207033,0.08065910558186817,0
0.2074442840492886,0.29162038905358445,0
0.20736367103869502,0.20353792744400756,0
0.04070128905743553,0.7444749655470958,1
0.8265933652245626,0.4493259798872421,0
0.36132011881900494,0.7123268800516451,1
0.44069823857687573,0.3772982475254135,0
0.22291167311303184,0.4581957759555426,0
0.9824908727685037,0.6004223324515565,1
0.7935077182376363,0.17492801339756114,0
0.3887913493960625,0.3355181489767741,0
0.041173502148965424,0.48808710232880215,0
0.04891813355059649,0.5464123370263438,1
0.699100384016726,0.9667908085783344,1
0.21372284717811219,0.7761558288064953,1
0.6236959592507734,0.017363657396657795,0
0.09397963094238315,0.7746067636353778,1
0.5428961789964226,0.7180151719272411,1
0.6645487462768138,0.2015043694212606,0
0.36969674140935105,0.48500485644613456,0
0.955717805900441,0.29455139766798766,0
0.9432130572841408,0.6396596540951938,1
0.29738738408086374,0.15930418320222806,0
0.48669827904852003,0.6044846064789362,1
0.643645736830982,0.7206278258246858,1
0.4945376403400926,0.2754225791462461,0
0.16284793953925647,0.06612873906480343,0
0.37282958376047093,0.15188605016502232,0
0.8443316179447372,0.18665754273406743,0
0.6087118574289848,0.7530249130255229,1
0.3641939042365441,0.44192863710519925,0
0.6287662671786736,0.35492645726301053,0
0.15356726741814197,0.4594341211240117,0
0.08118992920337009,0.5974807475117742,1
0.12708492160654306,0.5488125112108714,1
0.9388864992119139,0.8773825627217146,1
0.7271592002759713,0.4117670374789777,0
0.3783128951964142,0.372582056333699,0
0.9452940427187259,0.9449565063879705,1
0.6370530860740509,0.6260933220224365,1
0.8271645688373634,0.9574399082907514,1
0.019133818505167488,0.018930847620277413,0
0.08604801929863659,0.25825423570644046,0
0.6371349211303415,0.8389935572436225,1
0.24783741464142295,0.5703324501923672,1
0.03257614369687778,0.25931550434560935,0
0.8829641989406636,0.7488263051088442,1
0.46281961489795176,0.5059672247645751,1
0.5902585688751245,0.9289727205869084,1
0.45497928479058536,0.25513970475918013,0
0.9572331583827327,0.21274019044024983,0
0.06680387698958257,0.2148821908115237,0
0.059686204329254866,0.25243931248939366,0
0.91857053934644,0.44420290734507806,0
0.0240052463913627,0.9922428617258462,1
0.20171366766345267,0.6221215428032534,1
0.6984815167330535,0.8424203337734855,1
0.01870588085461622,0.2550157588437252,0
0.6498208387738856,0.8657798780016518,1
0.861818478225487,0.5694866005460425,1
0.9728847042457001,0.6414300652803958,1
0.256981517136601,0.17679845867490085,0
0.7545549150220983,0.18844529558971446,0
0.7815860185034924,0.2929713147912185,0
0.7714508899338839,0.09815454870260876,0
0.950535086346073,0.5968942267620646,1
0.7751135186404209,0.795138820572703,1
0.8298014645137356,0.141682796554652,0
0.6749544355335004,0.3881273272385145,0
0.3872321248772794,0.454143441945954,0
0.8652760127919694,0.5232165472893029,1
0.7776824549910726,0.315671827623213,0
0.7047905490202548,0.399477700330668,0
0.25611054627364616,0.8678868703715469,1
0.9538246465578303,0.8016749046665087,1
0.43253636306978105,0.10735013507068092,0
0.8622435764563249,0.9278071360114778,1
0.818955705880287,0.8023911004365522,1
0.2513563827521553,0.4702373240108161,0
0.06627057063555986,0.32220097770799094,0
0.07144908635510483,0.27362288968071147,0
0.5490126992393335,0.9659936894951711,1
0.5051777552724305,0.33372185690090006,0
0.5498198944728859,0.13763091589680854,0
0.24703454690987325,0.5559421219255286,1
0.8847232185263717,0.9163551905103113,1
0.010095121275462748,0.6579437234504705,1
0.6796491026236754,0.5647237846262735,1
0.4367431106661245,0.9847558473222544,1
0.6794478907332125,0.797488023172728,1
0.22193871790726427,0.49582916839308955,0
0.9691278973020319,0.12412988698949778,0
0.9435899175454933,0.9357200921678857,1
0.10595240660403771,0.25518488542307893,0
0.8330516998597558,0.3444256243825691,0
0.7895156250578055,0.5398607542944712,1
0.5250796749985507,0.32316691655668295,0
0.5887072183876596,0.7208872896812242,1
0.07560081557924314,0.18054131106699833,0
0.889391949540077,0.08493605176554975,0
0.19624411948765097,0.9304816658397376,1
0.8028129687991162,0.03908113139906688,0
0.6850501428636715,0.24660129441923218,0
0.7397948879138789,0.21035975870129042,0
0.8514652329516852,0.3245581646385267,0
0.6008116805272734,0.84925986206904,1
0.6308792893327467,0.4031715256923969,0
0.31423504416939396,0.7413689349102598,1
0.21868711517315986,0.23147159816138452,0
0.925334372451729,0.6219427620786859,1
0.8653024155481046,0.9290859502959138,1
0.8167422591414129,0.4722941529746584,1
0.40731128753858126,0.7628535683291272,1
0.026556996741022854,0.32144011318549426,0
0.29536448455025033,0.31474414955794094,0
0.21376056838893454,0.1366827027026959,0
0.262853033646666,0.43557504429334826,0
0.1616940336896039,0.23897051483360632,0
0.827272146718525,0.3181861691526443,0
0.5134448743433,0.410655238271469,0
0.4588627774466969,0.352875613237011,0
0.1061212627805509,0.3307942501483131,0
0.7362442027784621,0.28156722013352165,0
0.28507285211387634,0.9341411522410836,1
0.4443768784501798,0.40277246691865964,0
0.5909839907793567,0.7544614585973336,1
0.36114325829021066,0.7547937337649382,1
0.5207096442746092,0.4523547199268314,0
0.17199590815912313,0.3550445303966825,0
0.5266580292421584,0.16945361799499292,0
0.8107321409904481,0.22316032534959973,0
0.71928521402337,0.6054389525159434,1
0.3627369778309092,0.6887202199066038,1
0.023959051088324634,0.5581717454706677,1
0.33532692557450705,0.910625881115879,1
0.288352780347785,0.5603297252176372,1
0.4968651885312372,0.5395438826082671,1
0.3896302885674402,0.3109210450035502,0
0.7474338965080708,0.44244613659561016,0
0.2722190700944531,0.22010512811453387,0
0.7253421629311108,0.5143897641600276,1
0.7903219355709598,0.012485396326650466,0
0.7686013157660082,0.7528225663283253,1
0.0410363195139285,0.2797748981080308,0
0.3471986431816869,0.37827106600049487,0
0.9570585860342098,0.9245086142601151,1
0.8317596019660923,0.09623590870894316,0
0.06326630646905007,0.2500546427938011,0
0.6630050311385195,0.04713881236069284,0
0.00038708223230210503,0.1368907758643081,0
0.027890790677728483,0.06535628273065142,0
0.8086897964160168,0.8869030598142688,1
0.18332873086070078,0.09470223662137878,0
0.20007608879298655,0.3013443267145418,0
0.12571071845172788,0.9829200784122898,1
0.2987545318642778,0.4505468339468327,0
0.028275153540986198,0.61515780596337,1
0.4541129787932764,0.07836161521215279,0
0.25753779964296564,0.9322256000457129,1
0.981729881133257,0.0491967695843476,0
0.8524337988038491,0.036018180250124154,0
0.6125641980128466,0.7322379079829413,1
0.7679729094187925,0.2524036287493546,0
0.7338703163296634,2.8166927641182227e-05,0
0.021839029053703718,0.13480367391186943,0
0.4393518800937197,0.9638103742576601,1
0.12374357369097033,0.23135524344278224,0
0.9839071159027618,0.7339743757331485,1
0.6692067340549486,0.518588997793168,1
0.7423532641868705,0.7469895195888328,1
0.650884133222181,0.21674304609540407,0
0.32596223187067375,0.7889208510413656,1
0.9539975476994415,0.791513768329436,1
0.5541129150682315,0.8729991081603833,1
0.5099247737296437,0.5971916869727961,1
0.9764081176435123,0.49776047862674944,1
0.5528822270612018,0.805019601156325,1
0.21276234387641568,0.41210609016443633,0
0.9213065990549177,0.5677148744007722,1
0.5272485652561233,0.6536331866079426,1
0.2990974932287802,0.12499668767483985,0
0.3545825467839231,0.15129242279336996,0
0.9519861343342021,0.2237356477551531,0
0.7092153876559227,0.511908178206376,1
0.16078806632142006,0.7912841038431596,1
0.800688975848152,0.747950800627945,1
0.30277210187124726,0.12349502106088028,0
0.4826557982915185,0.052477955878284965,0
0.3881765681278344,0.9484505220217486,1
0.595563102392373,0.7582506708875348,1
0.8500424359924619,0.5362988892063697,1
0.8176498598722544,0.580260122573313,1
0.8345508630236264,0.4185386230981477,0
0.045758281995854744,0.6349513432477399,1
0.7754391027793043,0.4423654823146774,0
0.05779081683600351,0.3108299256698507,0
0.7411306544491574,0.31822134595648144,0
0.47330265521303305,0.012983937168749904,0
0.6024776874794208,0.8262568023348398,1
0.6050548351634829,0.5745950496353048,1
0.37922394196243026,0.275446448040509,0
0.3563298718938429,0.4633194990867707,0
0.38152960032176775,0.8939820179672764,1
0.256820562776508,0.7866743726790736,1
0.9677200174906961,0.22209472371850636,0
0.10021154765878226,0.08505752630353014,0
0.6660700208488779,0.9159667315374834,1
0.35687069218901635,0.14772875248194106,0
0.9300377770135241,0.057799453543117996,0
0.04926404580696919,0.20559210260287064,0
0.17335803106230163,0.38730475460913805,0
0.48379285337032096,0.5748931090505429,1
0.09477909628795389,0.36085145330668966,0
0.009269749287601936,0.4474472423891247,0
0.19065885188089327,0.10147130086366085,0
0.4631234056276424,0.6400086236439849,1
0.7132886962050251,0.8465223281396211,1
0.6477510324056052,0.06108702640747299,0
0.04284268621449783,0.42819513847281576,0
0.72430961740228,0.9025340037370516,1
0.5333081188354903,0.8922015869864317,1
0.8395100722526821,0.017858525065345132,0
0.7306672010761274,0.6623745659897213,1
0.6961845551436006,0.262440608212251,0
0.020038721536109416,0.2019423135343802,0
0.48840378736565326,0.15190420689729123,0
0.32978943896488,0.16561773825101,0
0.7880351705849368,0.40219518329423753,0
0.3450867322987927,0.5420210766074075,1
0.8366764426018702,0.8708296845394935,1
0.4404729803992896,0.6049440647273422,1
0.25342712343791685,0.2651502075496168,0
0.730800760421426,0.5061070807506246,1
0.6193019930524379,0.9507835466439383,1
0.20011200334407397,0.5163320210417204,0
0.5357179509081498,0.8825904839076175,1
0.32613211027433187,0.28519849649604145,0
0.6225458006711941,0.7966073177474725,1
0.7166757327087364,0.0700281804453533,0
0.9195706555259162,0.2942030299789783,0
0.9552804839860544,0.2006901779340481,0
0.7169172771998698,0.9062315251437857,1
0.5099488482210965,0.8744387544275983,1
0.37625378956904154,0.259261233600529,0
0.28368131852227796,0.5627091678469255,1
0.04394893709556669,0.5742527652272663,1
0.18713303974137974,0.38062473202272185,0
0.7257050531452903,0.2725415491545835,0
0.48606414422620126,0.4838044657750218,0
0.3224588549271705,0.8380379042089161,1
0.32818682578387137,0.55549220650328,1
0.46821828750981487,0.5710041319445014,1
0.4306672776530076,0.1436912168618809,0
0.664046309681646,0.5742562912484683,1
0.33978958625527267,0.17393051458605668,0
0.8449329516019044,0.510173182767129,1
0.9625264544027162,0.12840047736138838,0
0.071660108575475,0.28827196782652653,0
0.269871597387111,0.9995449306678807,1
0.5301750674709077,0.20287926851077154,0
0.23391290010779175,0.25429294040954187,0
0.14876308200123411,0.3752769681818323,0
0.762416366694554,0.688188632294096,1
0.6310047025403199,0.6658549165015957,1
0.4231292144398152,0.824342827961343,1
0.6098627600101669,0.7559684001228087,1
0.7772212636424221,0.5899096678840546,1
0.6619936422622137,0.16104521347199763,0
0.37711741801921783,0.8771161182001369,1
0.35127745023891666,0.646184469411082,1
0.9324731816521004,0.31835107349238956,0
0.6869498933579948,0.4903193236148905,1
0.8931176158213842,0.4954049377151173,1
0.9992876201754299,0.5302678073441625,1
0.10314119725400162,0.13436058981573884,0
0.05725624206791824,0.6256290243292637,1
0.7663605030459817,0.1964772599040019,0
0.18799202371655044,0.42995547771764786,0
0.6784182588380686,0.46093831990090217,0
0.4380578690518905,0.4402385113354276,0
0.46144689051687027,0.5331957185506773,1
0.15589209599010811,0.2001766274404183,0
0.002584959126656794,0.7013911569415692,1
0.41050060762647445,0.3815354001513952,0
0.23383646345899978,0.2623742078980963,0
0.26441244728273383,0.03744355423711332,0
0.9018041550685398,0.8237681426532057,1
0.15822982321022527,0.7983483452340723,1
0.6290421578979328,0.541971695034576,1
0.3448281999925864,0.1641947792754208,0
0.41643210691411026,0.4711194034116766,0
0.2924926257267034,0.7221257582717031,1
0.46255390445445344,0.7103732733853371,1
0.6907129671279814,0.05721979543060618,0
0.42583074371465923,0.09136836278399418,0
0.14454979176331217,0.4610071599397103,0
0.7613921658202396,0.7112105421772529,1
0.07868779782034052,0.3684266685610985,0
0.7079187559910726,0.4087474961144394,0
0.5680194007809282,0.03327378604082942,0
0.39679561834480626,0.367475919066944,0
0.4071230284254067,0.3205692883279184,0
0.049673778785138456,0.5294734995589107,0
0.23628961536130344,0.8911229039467281,1
0.7683966776029711,0.236921841387424,0
0.3305280030150817,0.06051498030982705,0
0.8588493159280945,0.897938316062377,1
0.9907358149170746,0.557531092005506,1
0.9562188956355913,0.9423568716885329,1
0.6219968733329304,0.02943282768982669,0
0.6641862419846284,0.00974484369797679,0
0.5964576772699366,0.12660625137370696,0
0.9170149910196106,0.6054302624106748,1
0.9548994228434965,0.7493237436992284,1
0.19547135231783586,0.5240825669015219,0
0.46450924899517765,0.933048566724071,1
0.8655546445213073,0.614036311961855,1
0.1311705683407065,0.6908313775462309,1
0.8887343990779147,0.21060661929705105,0
0.6437153194208214,0.45743221382699994,0
0.9687682334574994,0.9121671984218024,1
0.4423245213588104,0.5169046182811885,1
0.39896864985420344,0.09392935083494502,0
0.625010643432452,0.5088884189619531,1
0.18693288024055021,0.4727850255873608,0
0.42866851388558946,0.3527061661305996,0
0.3778960103753506,0.9519599459220048,1
0.08889372326703338,0.8030865969978769,1
0.3115467064212236,0.661442035996337,1
0.3969774156837318,0.3904129190743878,0
0.9091026748058256,0.7551933543111958,1
0.5291267902428884,0.19673721521267595,0
0.7403579352186325,0.19839486234631099,0
0.837953571322782,0.7319327899146085,1
0.7871014227086162,0.18211444046192937,0
0.7281539480294524,0.3217108615573293,0
0.4605368030411231,0.8562543167586885,1
0.5293351435135876,0.20452716995458298,0
0.342295248986043,0.021333118598649503,0
0.998613276456562,0.37904760127605774,0
0.2427160010442151,0.2605945623673682,0
0.7412200507245024,0.7982343678714622,1
0.6468690581297046,0.8978703366585125,1
0.3741588482895012,0.1818698589046729,0
0.628502980883129,0.6535019217359175,1
0.7876960769760296,0.2797366407056223,0
0.33369511287169984,0.5531572638699107,1
0.18448776334796424,0.7992767501457372,1
0.5579090980707999,0.17717159006609295,0
0.27927526010108794,0.15563567709515624,0
0.7777823543294471,0.8313406821427028,1
0.4321149947785251,0.4691831541826671,0
0.4505204656561954,0.667261241783849,1
0.22772699931596085,0.9038267577487673,1
0.7406054918067531,0.8339963146020725,1
0.01406229721997565,0.9594195754939947,1
0.7525027360784535,0.2899790405628532,0
0.7988247260921895,0.4976933412233223,1
0.19676175712087673,0.7943446038874052,1
0.5825631169835869,0.20806117603754748,0
0.03819346957862002,0.9764283131271014,1
0.1306908721764679,0.1886850585262636,0
0.7894425378911999,0.7727693763294462,1
0.03227101096887974,0.024172703739625767,0
0.05677002941608178,0.014608577583250737,0
0.08413155125803695,0.17432288267737361,0
0.7119820620778865,0.2556733617478478,0
0.25283875842512626,0.854588328499109,1
0.6514361818827842,0.9623794326269475,1
0.717329818457804,0.3232981168642053,0
0.4780145596275033,0.9217673084475688,1
0.6671380201344601,0.49151682576428757,1
0.8020154123168293,0.37080424739631446,0
0.1393035527499632,0.28776677806412376,0
0.8084072759054752,0.07934553266664046,0
0.39195389472112707,0.5397324012014094,1
0.1589723538794816,0.4455425011335582,0
0.6424484987005282,0.9353727729143552,1
0.7616151543758601,0.7958410276944458,1
0.2322875761494143,0.25529122659807657,0
0.4821172737850963,0.20262786503167696,0
0.3518998172323593,0.18659190762689615,0
0.4733296788113438,0.3710577269100426,0
0.2570094443793929,0.9985579964162443,1
0.5826676621095082,0.42570547880490883,0
0.6430987060920919,0.609661428823636,1
0.025066423856792808,0.018070652023886802,0
0.6149049663066817,0.16459110427279622,0
0.26126175943317187,0.5985995187538429,1
0.23232822520533525,0.09120241817647212,0
0.6306798585187021,0.2275364054894944,0
0.7758696282971757,0.18456717292876224,0
0.10437864725743284,0.124190182143467,0
0.0501044743038056,0.7466684175225413,1
0.881973358195701,0.032032768003452006,0
0.16117285009145932,0.16678983930510183,0
0.16094266832563486,0.8035522014088686,1
0.5171010600159522,0.2127526789207086,0
0.630510206232037,0.5083877700220472,1
0.9060515891069651,0.5088234977106401,1
0.08297622441020203,0.8031477696762673,1
0.28628717198231757,0.15772011507594663,0
0.1679979123720533,0.4378652196875299,0
0.700087454568853,0.7326262456460428,1
0.6208247350891491,0.6630187376675116,1
0.1496657701714157,0.3833330981116826,0
0.4230107129567643,0.5836301137411538,1
0.11495695699691799,0.1501321579196908,0
0.6354572898835587,0.1682825434092251,0
0.12053290020184326,0.19621389210637818,0
0.31132668421994947,0.7056074989809725,1
0.26358437771437493,0.8608795159004101,1
0.24614468613222917,0.5709019258396617,1
0.9091512795804532,0.5733847589713932,1
0.7856814886636465,0.018790485580939542,0
0.8825179545884387,0.7107404050604467,1
0.19964659255408368,0.7269513260516342,1
0.8700543256860473,0.7833173275911496,1
0.7188693573534922,0.7639138227573106,1
0.5153642159428012,0.36279037325166374,0
0.7928396148826262,0.05835442411060232,0
0.8838116812504893,0.7158505050149021,1
0.2661296549292689,0.3058466538259662,0
0.07453116403959803,0.6318154018089268,1
0.32470488117575336,0.2409923919112491,0
0.7056250788891031,0.3594746477588614,0
0.8146590850217791,0.12841472387712427,0
0.6119381174308758,0.8997273862949086,1
0.45153422793194065,0.5922868026793665,1
0.09819930495103812,0.37746888920206156,0
0.9103049950873757,0.8974258093674323,1
0.9005713550813897,0.8426470915723503,1
0.9718798462412768,0.7507183437559474,1
0.8560240538602348,0.8028403335602387,1
0.5856568922998072,0.9767390395983456,1
0.3713700683473722,0.9744753309883472,1
0.7731181708862384,0.16479111383110556,0
0.04626139023275322,0.5267307294467889,0
0.5273801545797147,0.09018487307347145,0
0.42791826606470496,0.12713303606139426,0
0.3389680075503134,0.9588113618708975,1
0.8741392310575875,0.256230525879821,0
0.15172112070457655,0.7153497011337908,1
0.9809951683552428,0.3150551788102225,0
0.20491993911994755,0.9277801485303625,1
0.3839062851367173,0.7776171404687743,1
0.9035593822673085,0.6725973073968428,1
0.5072194820683265,0.9203194182743596,1
0.35476615513736276,0.18132859510018606,0
0.5480442388725254,0.6712802619750845,1
0.1787502956190543,0.3286515375531156,0
0.24257380557072372,0.5300381755377326,1
0.3827046102777828,0.04208493650527256,0
0.6008999269444615,0.8562907082830998,1
0.15092068830593164,0.43385090228177914,0
0.646466935651673,0.8089845025575552,1
0.8771216658977942,0.9238745072096692,1
0.41654176409152255,0.18756754630834827,0
0.6819722296885954,0.15176479995126513,0
0.24685413526451794,0.6699975292019603,1
0.2209174846819335,0.6803094709229426,1
0.37886200881598486,0.394960552601314,0
0.9278912772017158,0.222843782322259,0
0.0629139485515936,0.5678989790188022,1
0.8886769251812099,0.2454711088334558,0
0.9538100772081096,0.4643517853038097,1
0.06302247801393845,0.4086776254303349,0
0.04377033756198301,0.39011168440656596,0
0.505407316173586,0.9530484921724128,1
0.8967270123798644,0.7970773259507835,1
0.8555451484343642,0.4357798174212172,0
0.94544639687686,0.95064413810611,1
0.8734625178649582,0.23424018886960019,0
0.18232735395368493,0.2692010881793103,0
0.08460781406713436,0.7048708147437739,1
0.6635778659656673,0.7838246861144916,1
0.3135906587746471,0.7642144237415143,1
0.9582463482296439,0.946176660003504,1
0.8349752789055059,0.6351665326649393,1
0.37153012991500756,0.9823878930156703,1
0.23989004851162565,0.7063927678706927,1
0.10460238090151319,0.7578203698528115,1
0.29354265498977683,0.955547487949192,1
0.477174340648989,0.7017699465638543,1
0.3127497042543914,0.34755913936566785,0
0.7124517592351874,0.2617092173517781,0
0.7907003804149377,0.13953232387065628,0
0.6889184814166966,0.35287829284602756,0
0.028080382475754506,0.28430652144675617,0
0.11414910770982845,0.3531837778443181,0
0.08616886029596238,0.076238035616087,0
0.3895915993294058,0.0012566297120301106,0
0.13366180898883373,0.5085955827963798,0
0.8847321124514226,0.9550882939703761,1
0.871758732907394,0.9381363571814384,1
0.5968737100887759,0.28111017311889963,0
0.4052178958111754,0.04626858184391214,0
0.3829961713954939,0.0897806901878867,0
0.21048989802034745,0.9080895378946965,1
0.8157875109056134,0.22759411901328142,0
0.5264274517458771,0.9893653302117104,1
0.49398705822072353,0.48815868430899145,0
0.05227040936258842,0.1083101644481339,0
0.40549047719743425,0.5523061812236082,1
0.9288877619982528,0.024349820961739765,0
0.6886967540373296,0.1504320246667492,0
0.9202378862589031,0.8376450121338266,1
0.6130577140903841,0.5918355933170939,1
0.3519020408970831,0.8597556094630736,1
0.9714546497131711,0.02687874181749772,0
0.9118395575597634,0.2794727734006166,0
0.852671420335255,0.5646956485952368,1
0.0840510626727583,0.004462974662889363,0
0.8958759401026131,0.28878125613640493,0
0.6765412476654872,0.19959049040519417,0
0.5871127977855737,0.7818468059514203,1
0.349785795591089,0.5050030165849557,0
0.7577556435601597,0.5137675390744512,1
0.125143104254671,0.18122759297793622,0
0.4611740126084637,0.8402573763946567,1
0.7557492174026831,0.9182443539372604,1
0.578096642458309,0.9843660314813542,1
0.7972584618008774,0.8560299516640382,1
0.3951111802266224,0.09247746278926705,0
0.8728781841729275,0.1726494053130294,0
0.11904866094080446,0.6345923166922984,1
0.24700106637627084,0.3786651024794633,0
0.021739422507449646,0.9744974937145038,1
0.7537743110275323,0.9938937410462212,1
0.2147925260028556,0.8436712003726813,1
0.569211231361997,0.22338001585163825,0
0.008267263114978607,0.2870500315254245,0
0.6245738471468162,0.6869527926014305,1
0.833855852466542,0.7958119922215825,1
0.866861965534486,0.3636578452332755,0
0.5456166666182191,0.12510214193706048,0
0.5658126740331958,0.18719780186252832,0
0.5280109423284374,0.06879050470613879,0
0.5658511828744256,0.563262978131039,1
0.5093236819956246,0.15114065762711992,0
0.1386109696452794,0.31546310834244473,0
0.43336239920829944,0.3636441051028011,0
0.49644623909673247,0.9983155417913491,1
0.08766647928654903,0.23735634969193087,0
0.38011202965180624,0.5089565589811514,0
0.27948564749883265,0.2608215717929817,0
0.944201700835176,0.9314282438342497,1
0.285886641398317,0.11743791117507185,0
0.559294912708205,0.9701915770295472,1
0.1941617548210649,0.46931374159445594,0
0.7439226754394972,0.6366742039062752,1
0.8957381450340677,0.8491238830478866,1
0.8019947034248043,0.07734994555007257,0
0.4215171571662907,0.5419189115507798,1
0.8537031592476894,0.6848074943449812,1
0.500925990194431,0.6938010500830415,1
0.517829034848149,0.3468260982958432,0
0.001713907987695995,0.4847523823859752,0
0.7298723346699151,0.719562943947729,1
0.27647678391772657,0.9494171612740239,1
0.6408657945786754,0.7749822886258413,1
0.2004135935561986,0.4892458076353291,0
0.13960025302749646,0.49909271430947644,0
0.46603223486898626,0.2906422472354512,0
0.7008309891476199,0.8822398356845801,1
0.46093092931165824,0.15289373097311354,0
0.6739605722284868,0.9647046807596148,1
0.7795942231966219,0.27333644509382893,0
0.42379734655257373,0.9065218530324155,1
0.14440879964498432,0.18400232852226694,0
0.8978717400549322,0.3088897698891482,0
0.0013671271447281974,0.9268179260391265,1
0.26677127458903593,0.621532597834281,1
0.09674595274596709,0.2088300048718037,0
0.23697736267667158,0.570973761952203,1
0.35114844830332037,0.1850002818814429,0
0.3287403691740396,0.761051195275616,1
0.7163172571059689,0.419999803962114,0
0.46889743974477105,0.46319645716666613,0
0.8677333363555388,0.7515330673250417,1
0.5262273358566514,0.9632490796419911,1
0.06315636385026635,0.04166203917128941,0
0.7538898484424034,0.7064120581132207,1
0.36542460343954153,0.7582157945142615,1
0.5155037561441279,0.6225909236200299,1
0.3222760072097701,0.03819002193854282,0
0.8434447548418771,0.4055082655224477,0
0.4749637582083963,0.47765410643197226,0
0.2072087756337717,0.9790178267244057,1
0.9730149552068547,0.47928847438984135,1
0.3227368389312609,0.15735070624030933,0
0.8557667371254072,0.8365321591450569,1
0.13473103236275474,0.28330713456884926,0
0.26410028272621955,0.8744575863799849,1
0.18466139838945406,0.8973957657364224,1
0.8529495673467328,0.1963953980164861,0
0.029794799143216366,0.987948516249279,1
0.059994502154997575,0.9497509374909141,1
0.243839824797503,0.17453861869172993,0
0.06755288154815331,0.5839585722167394,1
0.9059560287236514,0.6014041837419445,1
0.37131194157722025,0.7269142834294784,1
0.5308370177499011,0.7894458112090653,1
0.7989406572545676,0.7573716465393641,1
0.8302061391049468,0.11501264780951503,0
0.7161328957469705,0.29699763019761827,0
0.5286176425271476,0.6184206195668659,1
0.8468667087231628,0.37007024387107,0
0.3274613574397318,0.7570800687918491,1
0.5679161969197367,0.10129302447743749,0
0.739810389070896,0.14595221574391692,0
0.9445323137109397,0.2172817788414083,0
0.8281873770441097,0.7543012679627074,1
0.8759879652363715,0.7734188080915809,1
0.6690340258372992,0.4271826264642874,0
0.8820847954987164,0.029495947941273082,0
0.5922050766210851,0.8910059095075228,1
0.7036898517409285,0.4505292927923201,0
0.7479913849921688,0.3683781085100202,0
0.5278070345595675,0.4388201107717171,0
0.14594489226615637,0.7635161369028423,1
0.044234121649609714,0.4832680400744589,0
0.9807153923896903,0.45869560820915933,1
0.6046087808657556,0.8040634351737291,1
0.5253614518079609,0.2802172398520204,0
0.6204473586417841,0.29974477261757837,0
0.8797680355563515,0.7590360904470358,1
0.700827736231561,0.6611127101556544,1
0.02074729057833602,0.869541857672639,1
0.8439817509386567,0.8620156216298802,1
0.4011893643707657,0.5133651239554295,1
0.7567087547713051,0.486712631795325,1
0.8579361367970332,0.40631322328567276,0
0.950140948596457,0.6112939184167872,1
0.6786985048339764,0.17964753697659142,0
0.3822307714628226,0.4718777916680079,0
0.5863489860746147,0.1328099097817801,0
0.4954435379066294,0.49756579453027727,0
0.8748997543003257,0.07036931974482641,0
0.20995749347685866,0.7585615133955254,1
0.43542825389930806,0.3216543398892887,0
0.44994914231110317,0.6316258112304565,1
0.6921964317777333,0.29517085696864276,0
0.7510619399749644,0.8488958808915585,1
0.7787976712975808,0.5433340481465228,1
0.4273507992294282,0.03977360819964704,0
0.8014437678964721,0.29838410805987003,0
0.5353541160146118,0.18721698751942384,0
0.39022304950821884,0.9748481885659881,1
0.5793066390387746,0.09060074710246879,0
0.7024202389953785,0.9276112342959143,1
0.11228643957194295,0.5461900221659491,1
0.43800303664246065,0.9097120897322704,1
0.4485609079736106,0.7848421143848392,1
0.7739384145805407,0.26483927471329627,0
0.8096779764795725,0.405524925502488,0
0.5142809118389599,0.14887999411109998,0
0.03446312222606718,0.11688045122149426,0
0.9465366406975044,0.937090692733342,1
0.5291685924952302,0.3270940554014756,0
0.197007941829487,0.8621984680529864,1
0.7696753049484388,0.7026953776393593,1
0.41279981985816316,0.609969188127631,1
0.8304085688951395,0.833444494473719,1
0.7113926357278534,0.9373227982244687,1
0.8165336462447652,0.3315257780857995,0
0.08675350743186083,0.46965041508594363,0
0.629828635513682,0.9122406511848211,1
0.9218987483048638,0.6689951189194828,1
0.22853428895614458,0.3703815878947795,0
0.8554422899780292,0.7824503798691537,1
0.40213626246398526,0.15196782050940427,0
0.7211301722903602,0.7754658656278973,1
0.8103229172540414,0.8009592336494177,1
0.9361550056172432,0.29711412974703544,0
0.15052296355117756,0.6073205376678469,1
0.8272454220256293,0.8510682219091027,1
0.4683432104917,0.4092211540704296,0
0.3713273846965556,0.7994202504966196,1
0.8334581401169386,0.26472720569686936,0
0.07551038076050809,0.046226579373679466,0
0.5820418729853442,0.6848124740100741,1
0.9714795966924306,0.4557116948050005,0
0.9091715889309725,0.24439366204396928,0
0.37943028248275534,0.22544473532326725,0
0.11851340597554538,0.8818778128266619,1
0.011919864224016918,0.14443061367672227,0
0.5432436168584638,0.09572510509494003,0
0.9818537642283889,0.5966777874810253,1
0.5493658705893659,0.35291641428244136,0
0.6238060829614044,0.19750628256313285,0
0.19005390397043964,0.354645757696776,0
0.654058057809147,0.5398502195631221,1
0.7860553495118148,0.7663863538670352,1
0.4372102205481625,0.019747524764115232,0
0.9053623514208541,0.982664010993499,1
0.5231931853007682,0.0033916597816923133,0
0.8853926375231783,0.764471770752222,1
0.2969668897692179,0.21991379356366958,0
0.4753546940253387,0.7016459204776824,1
0.28449250257627534,0.8411616804383844,1
0.7858841036325648,0.30130231902502447,0
0.8699718796043283,0.9641863930862932,1
0.2566841360842337,0.9663847641246517,1
0.4413401298547144,0.31987367976770353,0
0.6550329694110303,0.4362279025594228,0
0.08073522882969919,0.45060821056509825,0
0.9266502698355809,0.23176210164424493,0
0.8834688063168109,0.5218133152714208,1
0.058847418247500505,0.6139638317524092,1
0.9275929313253265,0.3736935277538842,0
0.05244448813650604,0.6475896756188473,1
0.15877625534791306,0.8911018826266062,1
0.5843143581705169,0.9589547138996886,1
0.3731685335812023,0.11769118478427243,0
0.3236895692836642,0.7266430956614738,1
0.6814540050239717,0.5916274536093165,1
0.12850833620569735,0.7554414226799362,1
0.511196806333877,0.6221937869734546,1
0.9373071660157373,0.43293752529184293,0
0.5573363340953037,0.9416256660553751,1
0.15664394946266547,0.017903395615157747,0
0.11509609058332215,0.4257221383353982,0
0.9056615454368243,0.7369806944689069,1
0.15311972446571975,0.11737315456646391,0
0.8105540831219349,0.13065709938477443,0
0.5185858491203177,0.27754156193208823,0
0.010420905712207107,0.0732174638115296,0
0.6444399569975654,0.14380471195588773,0
0.6369871003942412,0.5423583413835923,1
0.4758443003833366,0.311011778229359,0
0.7798965747786788,0.6819393856940056,1
0.2295413984447875,0.9175661465074022,1
0.5907368031897412,0.7896595144842806,1
0.06347634972232818,0.7243530791232856,1
0.10770043523467143,0.6257063841492683,1
0.31685129574793736,0.3432345408697609,0
0.19364334553278906,0.7383066455359397,1
0.4214838542156215,0.3543536367896182,0
0.5655956511756295,0.7660782158514513,1
0.19270061613162504,0.296306612664911,0
0.3649240853448146,0.8026011784013211,1
0.3825063222457591,0.30481480665284155,0
0.24661851469711238,0.5198426171729015,0
0.9636067361176796,0.5169166566578612,1
0.894804272365377,0.35951024738625903,0
0.7652821974441184,0.46745774048542055,0
0.5437493924594026,0.5030285538090592,1
0.5023228276883099,0.4262843679872158,0
0.25342036483986474,0.02781098207900423,0
0.7584395424879,0.1594519567987308,0
0.6093861995400904,0.34729092522797245,0
0.5226033516568159,0.22541110773854667,0
0.051499298820818606,0.5968352774127488,1
0.870007410151004,0.36756669469005954,0
0.1574692128075843,0.05184238016194165,0
0.646798922856487,0.3430617303080963,0
0.8458406044980288,0.09211636740976126,0
0.652087316929063,0.44440989287859023,0
0.5153199667066485,0.6468380936118633,1
0.39883855171880966,0.862095599641008,1
0.4241353006632499,0.3001824922061851,0
0.258248529313865,0.07572407350470745,0
0.771291100110008,0.7700967315628777,1
0.4289278913304566,0.017457476970662023,0
0.4089716133435951,0.9309989984862742,1
0.13521069867556756,0.4566766863209517,0
0.03776631939811559,0.7729309665165128,1
0.6627480298567775,0.9761129306599584,1
0.8070686812525651,0.045314047482439834,0
0.2243075322718674,0.2517006088555821,0
0.8411218566623274,0.8424738250586725,1
0.34623652140757244,0.9388162520005647,1
0.2932454416486675,0.5435709310597517,1
0.9626158036089854,0.9451575352582219,1
0.3562631252822698,0.7842043065282546,1
0.8225753685843556,0.9904422182135233,1
0.4350043625196134,0.859394258985369,1
0.12527143172190858,0.5025246048602706,0
0.7293303427137859,0.8694649134829695,1
0.46394839548970335,0.5228841847542903,1
0.4707919786990471,0.632452395301932,1
0.8199422966319854,0.7811458803123026,1
0.21633812352119708,0.5550911342969033,1
0.0792430826938465,0.733411015335141,1
0.03053495191933253,0.4247421691127987,0
0.40512262289210854,0.6877399734110807,1
0.852729656175418,0.9890451084145061,1
0.6804075421803216,0.9414110999924319,1
0.5603793393888084,0.4500103043712663,0
0.13285381851777844,0.22385859659125373,0
0.5793397342531692,0.9545998875734238,1
0.8181779097295125,0.15791518100029522,0
0.22868474558080643,0.6606150184964695,1
0.8277912980694877,0.07630087020788012,0
0.1251222534308244,0.24657173243412833,0
0.7174811679058265,0.7502087575811124,1
0.29376643542645753,0.6446732928862855,1
0.8668278552713171,0.7752003753653062,1
0.7538859618563416,0.5008259717050132,1
0.40533615229509457,0.022118593709150036,0
0.0890186192798913,0.5823594799900972,1
0.10171097437160304,0.022645706798181675,0
0.48030386718251694,0.495651720776659,0
0.31144801898765573,0.6695091036041277,1
0.8691279568169076,0.01779399714626806,0
0.6960203961199372,0.07051534790666525,0
0.12389385515318596,0.3659662620793318,0
0.4316642957050493,0.929549210141176,1
0.9295096258110086,0.41708618482390003,0
0.28599228821733436,0.6933588312002171,1
0.9697122839465655,0.9379073919565836,1
0.008977298899089492,0.20967700533067068,0
0.11521380052500763,0.9106533943342502,1
0.4253493605576596,0.24140343612456272,0
0.4873362962616087,0.5472437194671365,1
0.9598209657493931,0.035604109304029796,0
0.13913807263431943,0.06364943460014494,0
0.015789881985977305,0.43774951215393987,0
0.6602944790229236,0.8015908585987588,1
0.8301892027504632,0.7761600482962163,1
0.811198036829542,0.15981444907918096,0
0.1602398058696326,0.25224117241966026,0
0.9301600918554485,0.7637432267025741,1
0.31766477929304227,0.9306825891374444,1
0.03515555147501592,0.5129066811418982,0
0.20894330513922288,0.30902775271086114,0
0.789504923928358,0.7155870028879887,1
0.26492760348530564,0.9929107638443998,1
0.12032666438616402,0.01436774351685599,0
0.9105268417525896,0.14320870117266582,0
0.4173233223093308,0.7226543320119361,1
0.18994745569661853,0.5250864961197662,0
0.91388247372797,0.651374496667116,1
0.9262085112868588,0.28009371973405883,0
0.8723272054615534,0.6189742467797775,1
0.18140138620080137,0.7556497708251734,1
0.5231253598924612,0.1882823620662869,0
0.034042237319106494,0.25351846603154915,0
0.11328927065780803,0.38004222222638995,0
0.3141535830306762,0.5357661549144249,1
0.5536494710696036,0.2872760204201601,0
0.14932028018737198,0.6488530159660816,1
0.8646209260718092,0.9397040044950997,1
0.9183202534378127,0.8596250067845556,1
0.31972288501649293,0.7234348410915563,1
0.5464602887339554,0.24240118069168504,0
0.6720662407796366,0.8863336438038251,1
0.047030068537551206,0.8457873072266764,1
0.6980624224740652,0.0020583548927642914,0
0.9608117921887847,0.8245599818451185,1
0.7646379137039676,0.2598997024177735,0
0.12054284591291786,0.5274313542907645,0
0.7942598009574366,0.11015067899430653,0
0.61976064466295,0.7756152573108912,1
0.6450921081338542,0.09177098402890926,0
0.6267853526662158,0.029348459565844642,0
0.9995114207564099,0.7315806876873664,1
0.8762595175507828,0.4540011240807026,0
0.2542011645576234,0.7705351445920506,1
0.7998242506242336,0.2114135118599867,0
0.33638082258956925,0.8490274597924518,1
0.06986429951180395,0.4093255908814222,0
0.8582585248030914,0.3741844063153631,0
0.25329490666323784,0.9053673201309336,1
0.5933013041806311,0.1928640422326855,0
0.9105131896891738,0.8028044141472059,1
0.8780455120843123,0.5624266146499298,1
0.14385997682517093,0.5840668995373118,1
0.18851466429295582,0.9124219840791974,1
0.7373144675857175,0.40210199765782306,0
0.21729940379716528,0.8112712923819695,1
0.47159298698006447,0.20680476486296495,0
0.15573941466755203,0.4720503667721696,0
0.404490734805537,0.41231578152546877,0
0.5756173573516308,0.03598855231694498,0
0.8227130067749202,0.45254385243401496,0
0.8241005622195323,0.8526886288190592,1
0.6254520442544531,0.5278221936287587,1
0.2271999154862332,0.9621238547823566,1
0.480447188190542,0.17090895467461242,0
0.5192602554931874,0.6837436327438479,1
0.408576730575388,0.24397496167202426,0
0.09625991923252186,0.04444857397043045,0
0.7735387507906739,0.03400044703559679,0
0.44996579798201464,0.028828745407911693,0
0.755356324921756,0.012847368724508867,0
0.4902921412844642,0.09980137189286109,0
0.7998767429348396,0.46947701987433366,0
0.6921007440823044,0.9796613574150088,1
0.7648074762572896,0.7100826650453683,1
0.5710256257757034,0.8532030920472083,1
0.5080773003833036,0.10163028659938256,0
0.14996334961307456,0.34235154152704306,0
0.0521663275781562,0.7013636334176756,1
0.634628451910764,0.1629466327288318,0
0.5039895560085859,0.6647360451433618,1
0.13309817761350728,0.25244793971021995,0
0.019370561547727316,0.5999219119817991,1
0.999945919539099,0.03687766040909923,0
0.1706259123639583,0.3184005178269894,0
0.04462120161303962,0.4926093789188447,0
0.6143207548967681,0.18179353059828096,0
0.7291125465117544,0.7615604543265957,1
0.12208062908684736,0.996776171620838,1
0.8905981250902701,0.027198684053395428,0
0.9058050235010071,0.6596470928155556,1
0.3669405741698766,0.09606109236684068,0
0.28850283829318957,0.5442833915225654,1
0.5963604214890591,0.19671719149013078,0
0.454342013141236,0.15905695874695092,0
0.1531044970284413,0.33405138501025167,0
0.9858493603072039,0.9727584581866668,1
0.827833367662534,0.11584101280435666,0
0.25383850077976156,0.9372138209149329,1
0.07203666536263575,0.6483610451153278,1
0.5959706496736181,0.8944526576829496,1
0.42059237677478734,0.3779738325418953,0
0.8965223461307018,0.14521846104240432,0
0.08057651897178197,0.32227665183993104,0
0.699257061601406,0.8148727264514228,1
0.31996175480213707,0.6982107355481036,1
0.2455916119347763,0.9838535206957089,1
0.3382582474221728,0.3302214454140062,0
0.21902858668726433,0.8443199517992014,1
0.6774497939378012,0.3388588892548918,0
0.1132804477541236,0.22287452655211382,0
0.2841056879958027,0.4275023122641103,0
0.020511163855147507,0.8136120634978883,1
0.9703209803172776,0.1527700509506814,0
0.9100609855734899,0.9913744763728661,1
0.36683628154061054,0.122698981749086,0
0.8010289969608723,0.5142099409221322,1
0.4737210842457025,0.2291952735856514,0
0.5832740226103337,0.31977940735056287,0
0.024109077717630156,0.9317820993548438,1
0.2605836620825501,0.6791508404405359,1
0.531241496690286,0.06881888675767489,0
0.780200139453507,0.20888789707889344,0
0.7885797630197464,0.9785770800659831,1
0.44792546966486113,0.5685987591863217,1
0.7819184074661303,0.8771966860130664,1
0.8824737249130133,0.2519423131804912,0
0.15284400532200215,0.00032488032240152176,0
0.5987633988081413,0.9680553159469488,1
0.4228512447791294,0.5483795877417118,1
0.709254959906191,0.025143119486658372,0
0.11819070074922167,0.4546149875026594,0
0.49239656278555954,0.7006014548296512,1
0.859613729802127,0.41301115125350096,0
0.8269271859285096,0.9750373512323764,1
0.6525974311940348,0.06685604551835145,0
0.5893678660990251,0.27521094665948853,0
0.49471221832279433,0.8574528340783304,1
0.8704240954141748,0.742324193941405,1
0.7121838736660292,0.7015234254075196,1
0.716024729146907,0.07703893126017591,0
0.06925964256602457,0.27115442843820814,0
0.4840273750788333,0.4608838940706055,0
0.07476709294939077,0.4390535349389919,0
0.700542622680245,0.2558029642408508,0
0.10461224341092923,0.861626490225685,1
0.3512499748920015,0.539500271913195,1
0.11558110176664593,0.8161518781995187,1
0.5263531178820043,0.003582910714442611,0
0.7462779455846515,0.16463849265894992,0
0.16107887976842916,0.6440967857347272,1
0.36484089758074945,0.3491032571634315,0
0.928077326471941,0.14663257365409355,0
0.22333418265767102,0.6520500500682562,1
0.18297040185311275,0.047349740157561215,0
0.7747495945517111,0.562585432083522,1
0.45885681864842254,0.6273765157817006,1
0.02110330820481643,0.5545522914723124,1
0.9969420557530175,0.9883929314852956,1
0.04116848371489701,0.2855642787170217,0
0.3855761355806635,0.9065943128302157,1
0.37685525307823375,0.5133116690624127,1
0.23056324819253393,0.6210637679794059,1
0.342116518164444,0.9342735965934437,1
0.32758168777374996,0.02610658145315481,0
0.9942090871625369,0.9504929483349117,1
0.4801798977003682,0.2815765045717733,0
0.09948734898672384,0.10896324378520261,0
0.0018288124624230573,0.28150358504561124,0
0.9021100470756923,0.35147156412868996,0
0.3898849883636568,0.7397251093196557,1
0.5568607350948435,0.9168726580185834,1
0.4593479991491568,0.5268436046057218,1
0.07259442503249092,0.9688058502850537,1
0.09632622646747269,0.41552834273569084,0
0.13198315512590375,0.6263920941890007,1
0.3881722587684783,0.20358086020646038,0
0.3373776948831664,0.16127323702594887,0
0.8304690048978179,0.8945526940979771,1
0.40845943315708466,0.7419407100667819,1
0.7933356399723472,0.5758096058608121,1
0.5806226836831269,0.9625925990618422,1
0.09162294875229704,0.24723605815487482,0
0.1723054785112662,0.9874113394222366,1
0.360838191272677,0.5928576853812815,1
0.5635357609066568,0.05862609691920562,0
0.10140108913509338,0.33352735390469734,0
0.19683566137081576,0.9249225174244414,1
0.5085411662533227,0.08954773502365732,0
0.30423078552441407,0.04767791482885131,0
0.6581240918374771,0.9216151450778443,1
0.22118412698569578,0.6910393265576368,1
0.18050910996779423,0.07898642029788672,0
0.6631807990269794,0.8153540748880761,1
0.21596935585752552,0.580871341000026,1
0.7869412190762001,0.2128886861174818,0
0.9920173783453022,0.7762031657258599,1
0.17489035011143683,0.7437828286760512,1
0.0006620620806634392,0.413099779274109,0
0.3229896691540971,0.8785204007640786,1
0.5806197774828028,0.8512423371706141,1
0.8266177210517531,0.08133918281660335,0
0.8880906506507377,0.26932047160652506,0
0.30719096822487546,0.21403210015015295,0
0.04757158141715523,0.40540770703712314,0
0.8668121259792445,0.6524361164853406,1
0.8011902138540883,0.9091070226343594,1
0.3934127040818207,0.9129160597153402,1
0.763631874503947,0.41046083085055174,0
0.49246779169087385,0.8243360345143951,1
0.9393151973177262,0.5893577782003762,1
0.7830219014557415,0.4302463770148457,0
0.4666482934718883,0.36677339210780635,0
0.3133680840790497,0.22591231574657555,0
0.8844698572062898,0.3350880573692522,0
0.3244400103732127,0.6866175145928949,1
0.2993538959416707,0.5587920839694823,1
0.2968786800398536,0.29656821185405235,0
0.7202684027812654,0.7898304663599797,1
0.40600249350593554,0.004259203555265212,0
0.5212491649359088,0.8442586292658426,1
0.4236056415033552,0.9085524149592943,1
0.03796602066209709,0.9979622154389926,1
0.15848357033608895,0.9221270851726232,1
0.5898900856022392,0.2377948783814795,0
0.8689215713729436,0.9281334569857393,1
0.7891328611181945,0.7255432332050277,1
0.8268477850985929,0.8886858959855158,1
0.4366627130155796,0.8470921858304462,1
0.33968529601868813,0.3271567893559584,0
0.9145942670701516,0.8587886711660078,1
0.7223457116187978,0.5896671493686214,1
0.4721230408893389,0.811902546573477,1
0.9781988054918983,0.5385606879425832,1
0.5488747172647732,0.9906847960731197,1
0.6422338602440968,0.8353309716308429,1
0.1718437925911237,0.46917560089654353,0
0.5986715432177312,0.9067684953525932,1
0.8169752257987197,0.012814341625502657,0
0.010668961493864315,0.026008327467666348,0
0.9642268954496989,0.9232186514327632,1
0.24899393630262834,0.6299374154136921,1
0.3701987733331199,0.0777657880042637,0
0.3386341663805853,0.2729057101613779,0
0.15623017015287044,0.9799516381499224,1
0.02065368754596497,0.3380544009175944,0
0.222195974400343,0.7430963883103359,1
0.5553602908627224,0.5829179926261927,1
0.28603183771654617,0.9941107219252354,1
0.340447218876221,0.5369376643358659,1
0.709601450443454,0.9965751255616746,1
0.8628532712824293,0.9405627946631449,1
0.09727105775433431,0.6669240708917149,1
0.5240355771486905,0.4459163174114249,0
0.46760442493210563,0.23524923745106274,0
0.33198220048174587,0.37610085608427923,0
0.7529024286839567,0.7490953116780046,1
0.8454285968785458,0.45800711079753953,0
0.7097669094582713,0.722266635606424,1
0.6151762214232477,0.7791286645399215,1
0.1878484714861619,0.9119401707602846,1
0.4218991432852037,0.5044042316201555,0
0.3913036049015335,0.5170947865599429,1
0.11392760670860436,0.9680064520142366,1
0.5802137613490197,0.13043244613505123,0
0.34196077980179207,0.41917961883004884,0
0.2699903918180738,0.0927883339204637,0
0.6270055687792496,0.5705305642321232,1
0.6232664423730477,0.846144481105318,1
0.4329104835414407,0.7872399897365205,1
0.7105008201114383,0.7084516576863636,1
0.030883715743785567,0.8480498697997555,1
0.3956604653041439,0.3380725364248126,0
0.36629960844771003,0.7680694582568943,1
0.1962732526895965,0.6336001782754306,1
0.028620685526134837,0.22134449637517428,0
0.6297602458004268,0.15013518638391088,0
0.5737868610289888,0.5990856113131868,1
0.18829766902098077,0.5880242307139916,1
0.07436241974346725,0.5667831457368693,1
0.3200447944003245,0.12364244149290948,0
0.043378321784047325,0.525913896216021,0
0.2054249771261797,0.7934548138743,1
0.19909138927343717,0.7692858042665738,1
0.7541374939894435,0.8343274491168777,1
0.337812526698538,0.5249570793781607,1
0.19280429822504386,0.12248857874403063,0
0.7530338045569964,0.49606267803196014,1
0.021046177321634385,0.9171242729734819,1
0.35595772054002595,0.020858576838133858,0
0.3186983094639474,0.5825913136557817,1
0.06560521057751822,0.5815910382427641,1
0.6401931398649454,0.12275520647889859,0
0.579405363252503,0.2599051234298354,0
0.7251608145788054,0.19338583340242943,0
0.5359137746277736,0.34305218776234114,0
0.7563343609160341,0.05119268649574216,0
0.23985583421082068,0.6109996131153315,1
0.5728674104091804,0.1301277145084203,0
0.24250113543780738,0.2168700552673435,0
0.329019768216531,0.2991715187534252,0
0.5995124415810626,0.08849304683742787,0
0.7123160696444831,0.987976580398872,1
0.466960507404809,0.8829715206294815,1
0.026332808967766463,0.15394546401200793,0
0.5327784307714512,0.0380644332666612,0
0.033711836253916605,0.26801130235969184,0
0.6844163215198394,0.1679152833943821,0
0.5119142952708582,0.8122180325196081,1
0.28857763966315364,0.28576006268437737,0
0.15857717243730218,0.08242892740707497,0
0.6910054411557693,0.28331554735795916,0
0.9111280001736008,0.3608034235030073,0
0.942441944661674,0.05286399160808042,0
0.5747103555218587,0.44749490178805285,0
0.35072342449863925,0.6849669115752425,1
0.5824860324649757,0.8420968868672959,1
0.589660118641348,0.41759015301980396,0
0.2317357540590026,0.2503538526052236,0
0.8352514134192401,0.8520169043603187,1
0.5040287733931069,0.7821220224012474,1
0.30352835657201094,0.21405810142947235,0
0.6112989429099664,0.25059638813881624,0
0.05042396334999333,0.22529281629635423,0
0.05106871633974086,0.40136708544647537,0
0.7977713950381359,0.5044867824894779,1
0.10406138116392438,0.45154714544902075,0
0.6613701270322354,0.5761593650071744,1
0.6828706395673171,0.03759172589354198,0
0.8848042357447712,0.9841067940418696,1
0.2669859287990928,0.5007775515373453,0
0.28229650249958516,0.29171848131785905,0
0.9008586307557387,0.07967911600229005,0
0.3610241692212761,0.6979524595852191,1
0.2903009156602868,0.3895947450863324,0
0.7285778610425656,0.7595861994573763,1
0.898559940930665,0.5108727614329889,1
0.09852690443856593,0.599778140528108,1
0.6243128963585084,0.802185801747754,1
0.9978720404143253,0.21396808274168588,0
0.9207593360770324,0.50616441968648,1
0.815952611709296,0.11388923216188129,0
0.9678726985249825,0.20240532230624675,0
0.5982225158307675,0.19754436610626158,0
0.052542054733017096,0.9405923583945373,1
0.5992837686512704,0.9378968966640399,1
0.11365534355951967,0.4844964961852054,0
0.19262973350345558,0.3014931381077056,0
0.010553019746004644,0.9866735674480905,1
0.15983573265017326,0.11868896206911128,0
0.3874367798379953,0.8651287462255559,1
0.8212698972896602,0.8925924294481644,1
0.903376932452198,0.8183046780488812,1
0.1283877679962928,0.38539986239883206,0
0.8246301612384141,0.3245309146387343,0
0.3548124183707604,0.46874431010808526,0
0.1817609836477787,0.4690156580576703,0
0.5668483631263432,0.4579700031318915,0
0.78050915612059,0.8051134740997835,1
0.1866126891187767,0.14070149238460739,0
0.29769291158490774,0.9918137053241672,1
0.7926436346984668,0.9140038376277978,1
0.26919010928714193,0.5132335198400215,0
0.9776759470589155,0.6175423605373004,1
0.14532334148272952,0.9750909303328487,1
0.12273068114732177,0.18269723471338728,0
0.5975037611919399,0.6298850816625138,1
0.2495786528875804,0.09089007999330034,0
0.227263183836251,0.6535666188335931,1
0.10036151976282326,0.21617920940924173,0
0.20174527719091073,0.19569398077194933,0
0.3714744943179662,0.09963684666886763,0
0.8585319403963984,0.545299343040254,1
0.1710574495878383,0.8644938085650055,1
0.3439398348108945,0.8460106988436544,1
0.2031481031860386,0.29751221902231406,0
0.10985848065087878,0.8089471627895776,1
0.941808869922211,0.7892129304666979,1
0.3226328137345249,0.33381792477980987,0
0.3200356800051378,0.7660142663754229,1
0.6443188808457194,0.42716422022657585,0
0.3519198189028352,0.313715931987676,0
0.4472297852938273,0.5238576887757265,1
0.5487556083889592,0.5582406059995731,1
0.2184654942705614,0.8671121590449179,1
0.5715215179123172,0.7488271446211724,1
0.3947547178488572,0.055845810712747745,0
0.8541560536236019,0.20562382764480092,0
0.44197922144449153,0.3360450824668999,0
0.34814395245842755,0.3671268607051901,0
0.40162693240538605,0.9861081409920269,1
0.10412902558615345,0.5256899807507655,0
0.5476715314672462,0.5934803602488391,1
0.4934442301717923,0.4399993597530317,0
0.34072356397862225,0.6599151701522433,1
0.7534211582592582,0.4494778584635979,0
0.6721147081910747,0.7576785036943792,1
0.7054362790364127,0.600919919812361,1
0.026179642669423298,0.03741214894888467,0
0.7943338751504269,0.07364176970638103,0
0.7367353021025406,0.9014793855575186,1
0.42210357175650637,0.5604149807825495,1
0.7576572560435912,0.5256387625454716,1
0.3435974153951542,0.21902343947052372,0
0.027460583832581986,0.9287030023153151,1
0.3214650193719001,0.2069930527645094,0
0.3091763648398608,0.3268789649318862,0
0.8413200095701947,0.8123806129088568,1
0.5060397805002187,0.2978730848503559,0
0.5359327361161244,0.9287940559628353,1
0.6431565526745351,0.018816958183113686,0
0.629945041064343,0.37453484318930885,0
0.08710361115031151,0.204682499304346,0
0.3358533422629194,0.3358519474518944,0
0.8857534507138544,0.06856395403483784,0
0.11665151426547737,0.7130650126044127,1
0.29714266537186185,0.331532645900669,0
0.8522665203851694,0.41204814709633175,0
0.03890966827851139,0.593102421074433,1
0.2659356987219319,0.8368711860110608,1
0.6805644378871637,0.9284459329586242,1
0.6069221513568048,0.05740401984888699,0
0.012704931425140065,0.8532334926763683,1
0.3804968394163689,0.28495739566292233,0
0.8276929798434223,0.10495825829792405,0
0.5776234367352235,0.8313256890539339,1
0.9590902241671234,0.8975505644080928,1
0.9186389775309713,0.9472598439264845,1
0.21285735309476572,0.9038293159751477,1
0.8893784247158335,0.3038507936980618,0
0.706495148425242,0.0028093874382358885,0
0.5108461299963779,0.4043201860048504,0
0.8348666673834132,0.6114563963133,1
0.5015721840988595,0.5100717998736556,1
0.8017264061431594,0.5484690148866622,1
0.309125669535005,0.3881150665162163,0
0.1441794935025188,0.4938261129888398,0
0.1661667702028088,0.7426331721647459,1
0.32799512315629276,0.05191871452449537,0
0.7314407237990532,0.6656814923403043,1
0.6918383711865196,0.019137279882777025,0
0.16486360292992197,0.19769159478445442,0
0.9849605975974313,0.734065992997649,1
0.1918401815410511,0.5048247527530736,0
0.14071665239521358,0.681409362243774,1
0.8167354153780945,0.6829578898870582,1
0.9080572735387087,0.22981264854661698,0
0.508343088203687,0.21514259075969433,0
0.14767341718857363,0.9483437334839939,1
0.8973853125488374,0.09095725305556457,0
0.524993271517925,0.25527004437569234,0
0.5455162088741309,0.057095298796807414,0
0.8603082984915473,0.6603460659337618,1
0.8480642917077692,0.18350189616461166,0
0.872601716013468,0.7380181140091688,1
0.2512832712475028,0.015431446194555387,0
0.6322801719219038,0.2514394552833985,0
0.4071197391051401,0.48002520579916785,0
0.3662866036219147,0.9350083797623304,1
0.44244800344518365,0.6877754175662638,1
0.35777152643316534,0.2238235204842587,0
0.7524232865362386,0.637914899828953,1
0.734185699323661,0.8560821861605835,1
0.17268539172152242,0.7465747266585054,1
0.2684535106244894,0.44940988022704176,0
0.7765309728494212,0.7678612590381363,1
0.17586378238984002,0.23175679936746318,0
0.6409366439784746,0.8938271747631852,1
0.7234472107700137,0.4596291892707043,0
0.6644482131756964,0.5903833920104252,1
0.8980573538668855,0.7396266393776072,1
0.6902401311235289,0.06268897951239416,0
0.47746909532729054,0.9015604145455604,1
0.44926878009492177,0.5836591608533391,1
0.4949707123016672,0.4157196451939249,0
0.2925182324330122,0.13767187745205145,0
0.1492874972353453,0.22124343526982604,0
0.9383138808655161,0.09060424380683652,0
0.013084929486927188,0.11436520016652618,0
0.9897119624788873,0.6213763474282492,1
0.34968197214655294,0.12620342423933317,0
0.8855849074895529,0.2885230414034162,0
0.9251546249327606,0.16726909008304536,0
0.30294484227165097,0.36566761348024335,0
0.7626145883243706,0.5842782271990009,1
0.26141795214852603,0.560840769202932,1
0.7332615230935091,0.5981386081383696,1
0.20548694650782218,0.44277788413486285,0
0.9249821350381853,0.6380131502396822,1
0.43639171574983526,0.8140810253655302,1
0.7248972112861493,0.3017809953347782,0
0.19692973256434632,0.4860301197346497,0
0.25902509561424514,0.517453069102338,0
0.8996741783764881,0.928521991394445,1
0.5620123592661779,0.016243644910278632,0
0.9912258547768944,0.7888454526182234,1
0.21315969125689516,0.27755468210880074,0
0.9825694653832491,0.5246318986554588,1
0.46102949480923505,0.4896331502388902,0
0.8823655654699366,0.5848136527342103,1
0.5190906623418088,0.29198112417632505,0
0.08226869808858461,0.45715516769857933,0
0.30552201124097533,0.08513002928345115,0
0.44635305132546277,0.806500412033608,1
0.9589630934592637,0.7796367584572819,1
0.2755159150819452,0.0018441177671186804,0
0.20753179436209712,0.2491803579245545,0
0.19595380282634278,0.771013379972221,1
0.7545924692375888,0.4560289863661019,0
0.5864402614263811,0.7739155015416375,1
0.24958542278949392,0.3994586511070517,0
0.3514476842360914,0.04098107051536526,0
0.49587308755614334,0.26938481023727934,0
0.13318022982618027,0.28245473530717524,0
0.11482246685635211,0.7302293445515878,1
0.5470890862906618,0.061416810210816686,0
0.9518404639884157,0.07871362861537501,0
0.1683179864308515,0.812304242753331,1
0.12877089544584597,0.7071591027555242,1
0.8577361599490495,0.6437304526523708,1
0.21130157302522345,0.960283095703709,1
0.9338924166951266,0.7372516856216059,1
0.16236905032436633,0.6485254120538143,1
0.7825068600923619,0.7087649001399484,1
0.5492629521832895,0.8459648318544414,1
0.4604352108146176,0.8745239981319838,1
0.7872104322351607,0.3084351771800805,0
0.3122152396367889,0.1290862254900128,0
0.5627403996573515,0.20562092207514138,0
0.3944325633155201,0.6668400897455612,1
0.5654669116384422,0.15729954074537766,0
0.37356908152784374,0.4780157487991332,0
0.38099023054231995,0.4967256918201123,0
0.6650440564838368,0.03424608226572046,0
0.3578594187726756,0.875722186783719,1
0.9105620089951862,0.7144841420252577,1
0.035354856392302625,0.7130523681726072,1
0.7930450619626567,0.10190194273732311,0
0.6049696555463968,0.9069479505394135,1
0.7886751497787826,0.6344702424706095,1
0.5539148963064805,0.8881017916539186,1
0.4118471658187606,0.3511817916315241,0
0.812426689531992,0.26588416059634756,0
0.2882726448319334,0.4744429801450527,0
0.9822878332584537,0.16474782649705932,0
0.20368534616464484,0.6808299556968364,1
0.47771025382913535,0.04931423224790665,0
0.08641665816411448,0.13004707043840935,0
0.10076687617411884,0.8876214334465365,1
0.6667106873848972,0.5936476266786772,1
0.34986421172969795,0.6890357222712037,1
0.6072768871920137,0.26291084795896835,0
0.060871809145359945,0.664963183840476,1
0.27623251800011084,0.6441469648677847,1
0.2631046457805797,0.481098760219963,0
0.980068812702657,0.23192822016951709,0
0.9878232462522238,0.9481064968756078,1
0.962354362144165,0.8453304316621711,1
0.234047430730696,0.3099797324198138,0
0.309020450756632,0.30125091825373607,0
0.08067183926058774,0.5017968592189771,0
0.784138176988698,0.871575755196856,1
0.12068526837143856,0.3422150782519141,0
0.30848625350540815,0.608044447149989,1
0.3697421251999049,0.36323926856549227,0
0.9053609014482845,0.3741551699372814,0
0.8633311396738627,0.6195968612573761,1
0.40673201964687566,0.504254515699598,0
0.8036398649203023,0.8293543551004037,1
0.7081342242165173,0.15395935226186463,0
0.24655012018134448,0.6051751795912537,1
0.09044204750608675,0.5706852128181156,1
0.49311799590131367,0.35892849942778116,0
0.25544182569296303,0.8703964424140912,1
0.045576331268790016,0.9085652833649405,1
0.39560396381689,0.2637107828453603,0
0.5927411562906659,0.7435809789845194,1
0.5502924250165748,0.4477754838881932,0
0.8545986553857386,0.7227515035971254,1
0.5595522071763489,0.018323984783058633,0
0.9477195830514102,0.5860772824761553,1
0.8532386916770085,0.838992623929599,1
0.8294676687621846,0.9144024608749998,1
0.23946664214144853,0.911613233881244,1
0.8971266258782756,0.6491714800202243,1
0.02372829101646956,0.9132235741169249,1
0.5856309333167287,0.6294842400925805,1
0.9219364084290114,0.8879316891114915,1
0.2848433267750965,0.6318463993782587,1
0.5613992718013372,0.19418231708731815,0
0.5011337744559137,0.0689526665162219,0
0.8727411422094932,0.1091882911534402,0
0.7330243303573467,0.34440823658977426,0
0.13066457740496873,0.7010761165487398,1
0.1812118615224808,0.19762770179744005,0
0.6454140382652299,0.4570703802114733,0
0.5559324640766821,0.4309092916735149,0
0.39791484730156557,0.5391582105733497,1
0.8628727302872581,0.7535363418117363,1
0.62631519829436,0.4435691657663816,0
0.26594033627739266,0.2876110013719293,0
0.02257967773058489,0.7038636390369677,1
0.759252261584001,0.39969807302913507,0
0.010706010914160569,0.4822463092270445,0
0.6280664878780522,0.12312937864838902,0
0.7098062659679952,0.3122218244142255,0
0.8875974319353015,0.8777876089615541,1
0.39301395937199823,0.456473801958708,0
0.05421887323519081,0.3357172552977682,0
0.06595404708852004,0.7271329120636637,1
0.4945214802993233,0.9025520974317149,1
0.279038956551119,0.6127561530125646,1
0.15871277001610407,0.9482020891643926,1
0.68313749215716,0.1833614993567223,0
0.8277234266724582,0.4125925926141034,0
0.05224178434596849,0.40105891745519284,0
0.5044680478143327,0.8808069761153715,1
0.682481468516701,0.6567982218867389,1
0.5884350410738323,0.6843164070707143,1
0.22200573362872134,0.371846010280805,0
0.7407623425100052,0.12989148815252627,0
0.23382825537520424,0.3276053342102062,0
0.7049908899813635,0.336005940738597,0
0.48119160303899544,0.18072957817162127,0
0.6177988925264244,0.7983743976594071,1
0.5880005286163625,0.8772194296644542,1
0.2283626618827428,0.36918416514085806,0
0.610354864624432,0.45692210115024,0
0.1040163014780291,0.947349703903639,1
0.49397967930846454,0.2424359360202737,0
0.38316831289561315,0.8512066330851698,1
0.39038376393576113,0.9699940246222031,1
0.7376052808727092,0.3835630639522736,0
0.16706838649087674,0.5438775427718197,1
0.879204601528204,0.8337241160010148,1
0.11487442518082691,0.394238653995032,0
0.594174298774972,0.9516391836278865,1
0.7793655219777248,0.3421797574537261,0
0.14270226270806008,0.14353801486444717,0
0.3971694593905808,0.2632040615547182,0
0.4641128657331184,0.8455860966247584,1
0.2701418398770764,0.9879100868916159,1
0.3035156465842159,0.5400466760046767,1
0.5675509218027012,0.2956947971351549,0
0.9772303558967603,0.8977601769707287,1
0.7387756649500156,0.7155655147417748,1
0.569555005747489,0.19668938963904714,0
0.10607832245931237,0.5796200918578092,1
0.4530105798482972,0.26602379955837996,0
0.8061772930230275,0.23798554976911224,0
0.5512814482845065,0.8994522868644351,1
0.6208099534570451,0.99722171226,1
0.8177919917341943,0.8166827260370703,1
0.029615616247604448,0.29276670311977826,0
0.43596326299652866,0.7167621978543439,1
0.3416368258990703,0.6531215567586098,1
0.5407248803633274,0.7510474567042132,1
0.03855606095019659,0.8908138966966607,1
0.9846347336782151,0.32630527171204604,0
0.794278736107329,0.19455294697830217,0
0.9158578806804443,0.8681953174464738,1
0.8924842412421772,0.905203551693821,1
0.8068867781958697,0.9930937338452134,1
0.10458218210890668,0.9518469852799553,1
0.6196041958083691,0.8130977940992018,1
0.39030581360314365,0.5687269860471796,1
0.3813592171013007,0.3713053474626976,0
0.45228238480604077,0.4828745348016886,0
0.4896282055788246,0.34437428253450486,0
0.45720488936288184,0.8620915717190807,1
0.2883203126286188,0.74521649695242,1
0.47752614425516793,0.23354483519243752,0
0.2768618454129257,0.7619881798013155,1
0.18645799876971658,0.18161044076851518,0
0.932289475868701,0.6058294121912267,1
0.11672490997625828,0.8492453788635679,1
0.43515688319419277,0.9754144167260674,1
0.6905071980947783,0.6977082171029817,1
0.21696664849281178,0.11624336090279697,0
0.030464460601100862,0.8459457896846,1
0.5924859154218751,0.4039395385369814,0
0.9523631313204215,0.08368884298862822,0
0.627425013939315,0.8502698719874506,1
0.8086177353979771,0.9603550769772526,1
0.6563537253479491,0.8925956731169703,1
0.3800870974661853,0.1883730866187594,0
0.6035170323062986,0.597947508080679,1
0.3138658683289014,0.6539780985668942,1
0.3938575336416017,0.3794095489608822,0
0.654639666279422,0.06109840831321678,0
0.2848411585428192,0.31181689781651256,0
0.5733762724803159,0.8027669822502631,1
0.2722666894151695,0.4524346182611171,0
0.16488944304905184,0.9786006502260748,1
0.5652481071079284,0.3357301708717837,0
0.6945553268919586,0.1400987638047534,0
0.14477368596299767,0.9684705633000499,1
0.8987510902645018,0.9651969302758393,1
0.6051585117820883,0.8285257453159485,1
0.20854742063396425,0.7600824262561816,1
0.6981793034514816,0.11262888823528483,0
0.07804345288878323,0.5941795910210824,1
0.7405636652058716,0.5130881468260329,1
0.6885450637667313,0.943533766428503,1
0.0065981227484043226,0.2723582855960238,0
0.21689010492420135,0.5895810083593439,1
0.5545525491574422,0.9593187261337568,1
0.30622584959711163,0.2004982940139367,0
0.9062720033881658,0.3104922547711646,0
0.18488073830887675,0.7988333822315388,1
0.19031771506192519,0.438490690869485,0
0.6280030349782428,0.24516338608549615,0
0.6884881035124175,0.11761919825671285,0
0.4947846332569247,0.49268051289820947,0
0.42409748101573863,0.04555763046640282,0
0.7079047650564695,0.39709838719230806,0
0.7670750561411935,0.6826918974669981,1
0.3478779765662465,0.9324733032577177,1
0.21726386170851741,0.8683153552527171,1
0.4394114320094291,0.708508013600668,1
0.584096085615791,0.8161346050105681,1
0.5762684895972011,0.2248280520301048,0
0.084911548036395,0.28278177626564827,0
0.7743569650493844,0.4462491355447826,0
0.9218623566282647,0.07192760802394715,0
0.3878434455645614,0.11570043473231517,0
0.8933851062632399,0.5241781082338526,1
0.9080209121964592,0.9747192466282766,1
0.13741008076479555,0.6446887474915097,1
0.3563212622158535,0.005035957758979137,0
0.6359744889646556,0.9465105713632991,1
0.6681238014493668,0.24501211511755816,0
0.41492709864519484,0.5064215191082057,0
0.06643041370288782,0.5899624597517191,1
0.6051616174988027,0.22252537182390564,0
0.8323248491995265,0.9786456957896298,1
0.7133241389045459,0.204251257730112,0
0.20846093644775054,0.19677141451683433,0
0.6685532079639793,0.9954100985215174,1
0.4309418160605534,0.27185389510190805,0
0.6387879229169878,0.0344386484348389,0
0.12099908214763044,0.704704764105865,1
0.4061250626211984,0.381750877429191,0
0.6039626420750943,0.44910328771904817,0
0.7170577347150966,0.8867639196328376,1
0.8136876704325066,0.9431692001864792,1
0.9681946929354897,0.0006923348738231416,0
0.35175851932887436,0.6238341570971168,1
0.15696487852832697,0.2819819663441322,0
0.3578702477277358,0.4154005639675179,0
0.20665438577145412,0.7462407207147864,1
0.574487951850316,0.5684596391039934,1
0.6091544882850716,0.3677886484470475,0
0.030478819235991828,0.7776064113557477,1
0.3228260191518215,0.4789718141739966,0
0.4085308531435088,0.5005308397873725,0
0.6921735415806543,0.38573362042100745,0
0.7010683414027498,0.4112855432075475,0
0.024261776586442352,0.9493345789883296,1
0.13049237395111335,0.6560043150266022,1
0.13653556966242697,0.2218924287677395,0
0.9190909791056083,0.44681382220806876,0
0.0835249856525363,0.7777444541816201,1
0.7055279956068993,0.43753431619481176,0
0.9157047965525319,0.9744227540621972,1
0.7518396182370207,0.030192038929529152,0
0.2856070950465097,0.4989911302059117,0
0.22957215756054883,0.2764241553745076,0
0.05525429675296423,0.41813034403096294,0
0.7605568144539435,0.35267522926128625,0
0.07027381985543935,0.9114585492938452,1
0.7878232670932603,0.07092672152578972,0
0.9613701609495827,0.36260126966722006,0
0.8777491373520692,0.10141244345025746,0
0.1823896480450482,0.9531494108952069,1
0.8659015490459385,0.11478784467275838,0
0.011823433554955964,0.1083197052074304,0
0.8310400552246029,0.1691380631830094,0
0.23585359642231962,0.3695236169330659,0
0.7371325570713685,0.5659604837524042,1
0.4556663608726399,0.8090353796570553,1
0.27706144257295073,0.2033838415368202,0
0.21966952091261116,0.9844223950664776,1
0.9333472643060304,0.28838998981676056,0
0.18973092131220248,0.501357286487726,0
0.4001001057146225,0.0349975593772871,0
0.4214228769848545,0.5949631830396674,1
0.8156587476170633,0.886075689106575,1
0.016415683728645658,0.0733385723722968,0
0.6244551230571243,0.836496631660031,1
0.9494462862950034,0.18410704890985885,0
0.30756014502888895,0.06226440630731511,0
0.42252605998081716,0.8927351154676071,1
0.20236613641529677,0.44502619973529733,0
0.50539139180467,0.38812140815000185,0
0.5746716457787309,0.7268839213650466,1
0.1397131334138988,0.4249264407360519,0
0.3178462883891995,0.35310024035227106,0
0.686590934817045,0.6426923750301838,1
0.3212945923084134,0.3332607873753368,0
0.0469913137282052,0.997102235653812,1
0.5562023103073558,0.4861983804967428,0
0.9385427467409706,0.25193050316591425,0
0.5477813226223539,0.9414227690664796,1
0.43834903106471745,0.7906623427087147,1
0.14688132578291735,0.9015870069913134,1
0.5030518773360981,0.8595367503726241,1
0.4858138486216794,0.03463461532018508,0
0.309436279614116,0.885410118949953,1
0.020651196556705886,0.0332105054802434,0
0.18002744394374193,0.3675821928844586,0
0.5715649987071751,0.7459078909599538,1
0.08433467670019301,0.6313680944014309,1
0.07763724966119123,0.0047387559975375915,0
0.5222667357069273,0.8679252056539135,1
0.21599178851820255,0.6190947452598554,1
0.9232380996655938,0.8129615196958736,1
0.4770344522755663,0.321470558647425,0
0.10482900503832826,0.4042864623732182,0
0.4884992440989844,0.7411810373526962,1
0.19009261101638908,0.8166009168501129,1
0.7847667094051619,0.9530181530650345,1
0.7225910270494448,0.5403562946731717,1
0.8568536901805665,0.9156682205798492,1
0.5739994281348824,0.9315970116210668,1
0.34347699924010944,0.03519746042088112,0
0.36325344871162957,0.5877042419859654,1
0.9400479282194275,0.7255462976258021,1
0.2644390433140146,0.7137796895537328,1
0.6966734015079241,0.6482441794288821,1
0.02352790907071356,0.5498346412154982,1
0.3716842984208668,0.29052752166920937,0
0.35237100091593176,0.21042018147685126,0
0.93422197522721,0.9220091453548188,1
0.7908737102687022,0.5200438839585425,1
0.8635806125123513,0.24104350261819496,0
0.9423454146913369,0.3864476282896381,0
0.6923195549961398,0.2753076570551908,0
0.5485728461907615,0.461695590484577,0
0.4049793728530625,0.9740437569019177,1
0.2756559668447073,0.5479627529012513,1
0.77114404582605,0.4508223006878115,0
0.21393882990967572,0.24945881435135364,0
0.9103856860449963,0.7910661191156336,1
0.2577979295168328,0.9038568896461189,1
0.8403824968583915,0.38008645742022595,0
0.1022445028606449,0.0435324440223277,0
0.9171488422623946,0.22370635001873773,0
0.5124787053439901,0.6296330340025854,1
0.6907836837757957,0.39300982990036015,0
0.040179196095265435,0.1920057556744591,0
0.9711067641766203,0.8726617110162638,1
0.07722128343206835,0.9976903367752369,1
0.36440051530957396,0.45380556772570535,0
0.47443535614384635,0.6645172917986079,1
0.7425187041074208,0.713005205682622,1
0.8322097767688574,0.14321038055553237,0
0.6566428922106351,0.11909367925854764,0
0.8186515959696916,0.6418376893264932,1
0.48050667984775464,0.9712188913055165,1
0.06778391503237557,0.3268990888317941,0
0.33573322824706375,0.2846475293953936,0
0.6090773608033548,0.3317764622936392,0
0.05256342653332591,0.01895987245943609,0
0.9545752653384025,0.7650824651225676,1
0.7997968473033713,0.6315682063959158,1
0.761065060812578,0.23392505188420976,0
0.8288835332892871,0.5244038767081083,1
0.9393416895003944,0.22259534669106207,0
0.1106689047436793,0.6021751600869567,1
0.9155057987427434,0.8297195087590356,1
0.6705534264745855,0.41032844351133235,0
0.9905668973899774,0.24638310330045066,0
0.6083688874008639,0.37594820968982834,0
0.10824074468747236,0.1734849622329777,0
0.5990967305820052,0.20740275004046815,0
0.9991623078885706,0.48500717114947645,1
0.9246467336859364,0.3209701590131,0
0.28602010611459805,0.46711741324371714,0
0.5774546201287245,0.16175121874352594,0
0.45410960401487876,0.7259091709763129,1
0.8868154761950198,0.7186139254750886,1
0.9110420085985236,0.6955919088733983,1
0.08766648766091722,0.7837048994053724,1
0.6682368454774229,0.5510039325479545,1
0.27782846626562696,0.634078864113967,1
0.07082070603847479,0.7619671004716506,1
0.6851792318092264,0.9079409413671924,1
0.6093705321889418,0.12090961162361968,0
0.6498601355691747,0.9416255602980967,1
0.43126968272403077,0.927558674526901,1
0.7667506656283181,0.22127872469664944,0
0.1292254811026885,0.6655749905452664,1
0.6009762066952029,0.23969630775350292,0
0.33413591466592574,0.5571364788461605,1
0.3556267867101963,0.6401201688986009,1
0.1551026654492652,0.008030442440204899,0
0.5994338635476462,0.4845125253182936,0
0.6229702706603153,0.3137804763860127,0
0.9403276734229221,0.21284098784500893,0
0.22151617459570372,0.1781223753729977,0
0.639901868906217,0.8376686255707634,1
0.7234449348786476,5.0929958865908453e-05,0
0.2485041670275615,0.16826699216538865,0
0.22718165979834315,0.10171328176419425,0
0.5541074544393686,0.9476136747670987,1
0.12831293304387215,0.2582926170910864,0
0.4833108778784254,0.0613882953282765,0
0.5933718711386797,0.5204954377429133,1
0.15014675489840756,0.9358763451883366,1
0.7926646774563257,0.2842191415043769,0
0.5580746377023444,0.9868388317897898,1
0.9912470594372066,0.8418560969977691,1
0.9637643022839207,0.6173387353422745,1
0.3979199421656242,0.709265020652018,1
0.6471001787129685,0.8492738740134516,1
0.012946280638266194,0.791424538680396,1
0.9287757802199662,0.9900544635680861,1
0.9827328306388028,0.9841521014093559,1
0.3656803558881939,0.014011490835008078,0
0.056904751079470794,0.7791161718518829,1
0.9297960800689641,0.04310955164395225,0
0.16087938909975297,0.8240066763074562,1
0.4919213311741485,0.40560787902175344,0
0.5381646948419386,0.20288696598506806,0
0.24812183563785395,0.4363195123831688,0
0.05662699247162983,0.6556303196980877,1
0.7514271515755409,0.47431030300225396,0
0.1395188847142279,0.6399452387563648,1
0.5462480194617889,0.34171164709229307,0
0.5548334424127188,0.8231101114397537,1
0.9024828936597643,0.19507162077362572,0
0.970944154569456,0.20659316278907025,0
0.4148222419882891,0.6565624769979814,1
0.7648271625493589,0.21390524288683055,0
0.17450804896011718,0.4221427930826883,0
0.6438845684192404,0.054382829335165805,0
0.16945180410484306,0.8152463568585067,1
0.8535392667452324,0.788657021930141,1
0.5940162591086542,0.6585322446387393,1
0.9916577773674137,0.21258673224129154,0
0.599159147366434,0.9812653104334244,1
0.8933954032834331,0.34257858817305,0
0.3644005524744691,0.7559482616465016,1
0.9432975404910472,0.09264365599675473,0
0.9909240924640099,0.4048588250657996,0
0.942669358342203,0.673409833018523,1
0.003755323951971201,0.7906560790685313,1
0.2622347323646732,0.32170385897079934,0
0.2479461699671638,0.5105802861147788,0
0.5652570961342239,0.7776349186873553,1
0.6477224093767147,0.18302459985402653,0
0.08257506102997281,0.41953242730889917,0
0.05477859684156783,0.9971303641602197,1
0.29700270502434045,0.15962534860356858,0
0.2523847572728696,0.26457620864935316,0
0.702920646726636,0.6388540060465074,1
0.6205877307932335,0.6476819479715268,1
0.8822822200036785,0.6559465042334328,1
0.0249044134362969,0.4072186766110847,0
0.9090840943793199,0.12143371538807324,0
0.035509587013164645,0.6656459451880368,1
0.865152899743243,0.33263922952141833,0
0.14816307643185533,0.3799642127013819,0
0.6970007358750857,0.45283965354530287,0
0.005249410822125822,0.05418495831510628,0
0.678217740384562,0.6801024461633967,1
0.6499300716330274,0.8630977770492749,1
0.8686609962843853,0.29703869635943647,0
0.9224338213914404,0.1682900663893362,0
0.1618153427338952,0.49964425649064703,0
0.6338266557512484,0.2607079154749473,0
0.3487237022742742,0.7610114306424525,1
0.9222262087575924,0.9464724253193835,1
0.036824108705794556,0.9175854722826873,1
0.698040545687172,0.22398743610837035,0
0.2562955637384773,0.6547328176085967,1
0.8025449932759895,0.7197432880329091,1
0.7528718197187401,0.23004912828089585,0
0.5819789585407052,0.5569742497538509,1
0.2790386649994896,0.9799399284745857,1
0.08106036562622077,0.20603330469214653,0
0.6610138549372783,0.04179478382818347,0
0.06939585310003105,0.8143938751198696,1
0.18623511525104086,0.03606477403964159,0
0.9430994033731904,0.014713138407268511,0
0.726319467111785,0.22514039876062442,0
0.4680358564089858,0.6964007957685207,1
0.3216740999975395,0.7984397544472045,1
0.6581583443607891,0.7138226826056033,1
0.009842162008756206,0.627525381944261,1
0.08481891860321189,0.7749690540433577,1
0.7175995673843587,0.917452235525435,1
0.2728497159818356,0.3075582590062891,0
0.869477952562756,0.2393530154655653,0
0.22397298503838792,0.13501080670231147,0
0.40357000387183073,0.7427871497746585,1
0.36277329396305713,0.12172388887305641,0
0.7205377921878928,0.6729846334264635,1
0.04067944138809709,0.8946365735757791,1
0.10101055188323171,0.6543886095026609,1
0.0698382372817562,0.3091273684427912,0
0.9474602269645573,0.7443444242005623,1
0.29534801198501426,0.34192947188751865,0
0.6874063229985179,0.9591754024384327,1
0.05154518300794786,0.44807445052465056,0
0.2997818242259893,0.46372397353222927,0
0.7472785781284703,0.6152795466486385,1
0.7160965141760779,0.06424166519925589,0
0.3195520524534976,0.28985102848052946,0
0.173122443310475,0.9561418491730503,1
0.22302672030136517,0.21846993581869034,0
0.7153833083532798,0.18545333410328912,0
0.8820251999298311,0.07868886653722673,0
0.9425298625857325,0.7052916410426519,1
0.3352829514769772,0.2657267958077343,0
0.41536624912941555,0.6336871730856385,1
0.21887970504839505,0.19041645332020418,0
0.36138784404105695,0.8261402630683805,1
0.013868848848007986,0.49890655534615214,0
0.6356127234070448,0.5295543044063566,1
0.4171417141421919,0.4578602746149085,0
0.9172853377011568,0.8501320314840631,1
0.5582189772560631,0.5364264419602081,1
0.5526696338507393,0.19719528509164286,0
0.7759778085132324,0.5963992073887548,1
0.1063838925983871,0.14139053232977394,0
0.07087514358849145,0.4565399159607858,0
0.5840969370202391,0.3760226671879926,0
0.009859121893609046,0.12361101551127851,0
0.5495888000175551,0.553676492700181,1
0.44897728344811616,0.6453902610890354,1
0.8856530005337322,0.3019610795935651,0
0.8897760447386751,0.25413929065423835,0
0.9730496334917145,0.752687007829652,1
0.041296310256520696,0.566414106604326,1
0.8969301965376989,0.6206901296118262,1
0.15777232402617658,0.613885520278044,1
0.5702214130877901,0.48615908574511324,0
0.7513144936768125,0.3154516706142373,0
0.6767019141905563,0.952138524241403,1
0.7231405684007087,0.35329428568055743,0
0.7088693731087456,0.13411519371001546,0
0.0062910596699590204,0.17367047721058748,0
0.41093910511275267,0.1769388764724279,0
0.6046818572460197,0.32846029366874974,0
0.3798333927818319,0.013157150824630315,0
0.5128535169261565,0.5581198501806762,1
0.10879793491693257,0.03151218095603725,0
0.5859781483589861,0.6981405178241353,1
0.7432535002205269,0.5207776829151144,1
0.44920118631944916,0.33784145935943466,0
0.9961542531889327,0.24080551622316537,0
0.2467085105421143,0.8412476585774916,1
0.621428207026407,0.06875818113402143,0
0.09653813688265489,0.8524885343165574,1
0.9049353697271822,0.4773593385643997,1
0.7624937955513282,0.7108030974605536,1
0.7037173945025748,0.987680432059219,1
0.5730572701620467,0.6446218966997498,1
0.5465657091430349,0.10803709221747615,0
0.5403024150990072,0.21445281404659522,0
0.0806202544456418,0.1406019040160713,0
0.1773422099610844,0.07142240742428341,0
0.8196154966796654,0.2640498533312141,0
0.9277053178448843,0.7925527876254556,1
0.8381872917349933,0.2699585264637865,0
0.24947454924713652,0.9051038512030932,1
0.37404795227313403,0.5475539216828429,1
0.19080518095769716,0.7492770350340582,1
0.15002256886569643,0.7655699301246974,1
0.9646029091274574,0.41783429124321647,0
0.7221889856772529,0.07498946436059684,0
0.5859383756897221,0.08014123224867398,0
0.6204776009397175,0.15081379600202593,0
0.020025508094492106,0.7506433253577255,1
0.33332807275397924,0.8830070205055567,1
0.9314113610063761,0.8780580586356119,1
0.8996216521099017,0.5312227575870603,1
0.8056294606076427,0.8119331231864503,1
0.8930888339612497,0.4967923426946703,1
0.8526183722636057,0.6076424688399463,1
0.4858786275729934,0.4000210960906102,0
0.5864438054927308,0.14972013246287685,0
0.08772432198857005,0.35475542493218015,0
0.38830514669512395,0.2729432768267609,0
0.5850036643468293,0.5359744671769853,1
0.42464038988527564,0.2779635708365159,0
0.44040267348291917,0.365481677204633,0
0.05167721729477981,0.48871909643897415,0
0.13904163686320592,0.1509442434075916,0
0.9155556054892404,0.0586229101314204,0
0.035843050383259745,0.5563526865615067,1
0.4566582660924471,0.24114979600696562,0
0.8878787977419916,0.6703459468028188,1
0.48169047581396307,0.9378301485998448,1
0.463435127643112,0.49876141610295166,0
0.8151307161217151,0.5316207319550178,1
0.8830010691323006,0.7156261720626189,1
0.7088911357352551,0.006813639572785024,0
0.4263110804426373,0.8886704642227193,1
0.8505807014014054,0.323137017494157,0
0.8469099518826901,0.0006812765573356305,0
0.5775129985474813,0.9878680846889905,1
0.7295324848335665,0.8020062313557121,1
0.9518317183465373,0.0037791935834111667,0
0.10034172957512388,0.7441925217721231,1
0.9723578881464562,0.30039056629029315,0
0.8501020656788099,0.8011532658617622,1
0.7279625228629425,0.45391340538964264,0
0.3896264655003091,0.07464655596838354,0
0.2112085090333471,0.9107025026863955,1
0.21286995208882142,0.9075955922063093,1
0.9383425795678731,0.9392267440115982,1
0.6199023274687897,0.05149138664552855,0
0.1550722425424762,0.8674456012177084,1
0.8099125925118722,0.07001280732357817,0
0.8858478642947918,0.46612282963977525,1
0.46875068068687675,0.5693613146216656,1
0.07743862295111792,0.1637093381280813,0
0.9334886979218249,0.8090722450977528,1
0.8454817630408051,0.29987673906067724,0
0.8624897144723866,0.4077306758219563,0
0.10345024485218957,0.65630868431299,1
0.5094922786413064,0.38897924373375425,0
0.20126302768109494,0.36571674085696004,0
0.3486817218864118,0.32168634884783887,0
0.26485678210893215,0.48025320981113007,0
0.7761647580645931,0.657175934463271,1
0.9968635646906849,0.6640987834927581,1
0.9902575108028198,0.24975453658602487,0
0.08335253826835631,0.3457295548259135,0
0.3777596332351896,0.9917221174535957,1
0.7597968795469074,0.5469486358773837,1
0.8350460746531023,0.04542929848151034,0
0.19140857953254053,0.8317781130985153,1
0.7547517821242453,0.7839610366516127,1
0.1295891062472636,0.549702516821862,1
0.20624118953243853,0.59976072931684,1
0.06623770820463382,0.43957654684893976,0
0.5769129231679868,0.13707327771915012,0
0.2729075985282128,0.7105511901865305,1
0.42890166423635845,0.6428869526978512,1
0.7649910827092719,0.806828325514794,1
0.9596923605018801,0.4545866067419231,0
0.7697536134151316,0.8023516634102077,1
0.5257095825439824,0.8050947497985288,1
0.07165038373860133,0.21650805175176546,0
0.05102861114758994,0.6753000474327757,1
0.7885457556213611,0.36075381696990294,0
0.7971039555547037,0.3761752667995415,0
0.19786312717936505,0.29747490561849677,0
0.5241404825618109,0.878666347448228,1
0.8303000358199478,0.20914810086106606,0
0.34935037120420354,0.7682951344886506,1
0.606649006542887,0.5461773928082382,1
0.4447424790507444,0.6278544315448927,1
0.1973467939555391,0.32503069824461883,0
0.3695107141297568,0.9153247943321443,1
0.06597205655385352,0.45457583573591387,0
0.6223215864059514,0.5672077986200051,1
0.8033307670354718,0.4869877364065087,1
0.5296628741208327,0.0012165324908857134,0
0.22209558276345498,0.33910776665551556,0
0.00793493778833354,0.6401594622020199,1
0.9175982563411905,0.8577546223469117,1
0.20720468151647897,0.5595734625531256,1
0.5413552338332608,0.7416089603004664,1
0.2265882633551325,0.24335896753964792,0
0.8720352336429724,0.9595530455922289,1
0.887275007751293,0.9018708122532891,1
0.8137459937075161,0.3397507893178021,0
0.5940181569211266,0.9805071278758345,1
0.6813268811104971,0.30962419695083665,0
0.3189878493297774,0.4577444924834886,0
0.439838523835419,0.40575795026601835,0
0.9620711268062268,0.7067607300774432,1
0.30048051774852746,0.7881988013221216,1
0.9416919753668953,0.40836808810938563,0
0.40779304973635466,0.8172687732652205,1
0.08997357814520046,0.35244044086741777,0
0.7110486876303682,0.7557355767366059,1
0.12299784975798433,0.33075640872679024,0
0.5013014981232509,0.2916001357908885,0
0.166662903138999,0.16427874556428945,0
0.4746864098098744,0.27416946971230616,0
0.7188170486068386,0.24806056455318504,0
0.30927026136008107,0.5043165182870878,0
0.22858513770073696,0.9141748147644614,1
0.39406959045158685,0.7190024050396682,1
0.4290640781151013,0.5038741302775094,0
0.8721922404643118,0.32772947623394433,0
0.15710236182664727,0.011783252994111204,0
0.9477072844791723,0.3448547663070902,0
0.6251544718392202,0.2871965453313855,0
0.26759741147908467,0.452813217552991,0
0.2081470814481876,0.33273432085470767,0
0.36227654324008995,0.9668451096634331,1
0.019230470677071954,0.6938474056873688,1
0.5806305918690281,0.8876347876295979,1
0.07972593537105599,0.6678388607408404,1
0.6076354200325175,0.11628148872291422,0
0.41852725916821176,0.496551311019245,0
0.2032449531615924,0.5746448596032433,1
0.10499331053759564,0.232581360353462,0
0.9136375398384933,0.14365433518699988,0
0.47641086225665175,0.5224972811873838,1
0.9783768054645007,0.7645608080528025,1
0.5234868817284234,0.3767922334229148,0
0.964034680111902,0.47296768396573385,1
0.44478857171943664,0.29377391651045015,0
0.8448471267490302,0.4580704865359231,0
0.9475145332951656,0.33226827114548396,0
0.04098780041758787,0.3770384913260887,0
0.04315502616553413,0.24976897770734652,0
0.486507715710375,0.6171012445548015,1
0.9147035357299214,0.36522110791585516,0
0.48737237278379997,0.9499198259592455,1
0.8113697503753927,0.8947685524033635,1
0.08616462190583951,0.3334511896466499,0
0.7272036970885429,0.8915209929132654,1
0.8988864537510322,0.18479301427801442,0
0.8699306665321704,0.8955565630382264,1
0.023588160850733786,0.5833760293838259,1
0.8087155032563199,0.9909323835906133,1
0.08980364009340447,0.9654922014938079,1
0.6458455006320372,0.1581348053381414,0
0.9284341984635398,0.2552284586844378,0
0.24518985516909197,0.25424422344999864,0
0.917171241602018,0.05525492886108685,0
0.6160396140970976,0.23619471873816245,0
0.2157719740433819,0.9487796435852777,1
0.9189232787269753,0.8313948421306151,1
0.7983844275429716,0.05011455325941894,0
0.4043113909299041,0.1287311206130588,0
0.7865729465320689,0.5482096992710083,1
0.9337187495787781,0.922548473203597,1
0.032057573194453015,0.3830398484024865,0
0.2676028915381854,0.08141406689032205,0
0.03969306108255688,0.23531329681902524,0
0.5568826544777276,0.48464759530108537,0
0.6985723805579331,0.9033393032147523,1
0.6308739863091821,0.4232918297131867,0
0.45486568359098933,0.37184068961670425,0
0.08259183989422636,0.5766497080254417,1
0.9018564676513584,0.48614070122048847,1
0.10309149480740953,0.20273318026741183,0
0.3860569215018027,0.9685668862607276,1
0.005818148034135606,0.44291567075857396,0
0.6762999184233919,0.3317588472044203,0
0.09684157010964911,0.2840630840327675,0
0.1365750613602067,0.7686173553769663,1
0.06446091550294031,0.42473333516064304,0
0.05237267985781757,0.012671624602185183,0
0.9590774014424465,0.6206326815059318,1
0.8096857504293316,0.14959311281387933,0
0.8464800635118751,0.1301058649891319,0
0.09468858729909202,0.9156553746547829,1
0.16650672813032774,0.39248311937969116,0
0.8271293228187638,0.976250529549362,1
0.7205661455592699,0.7292423277119177,1
0.6637231053187224,0.792951464456079,1
0.48663888939867583,0.5410990777294415,1
0.58016381411421,0.52279293855412,1
0.1964594953330413,0.46200208138721555,0
0.1339996516138795,0.374444292985177,0
0.7919772416659675,0.23327300608883594,0
0.8876091646512482,0.691358324293443,1
0.5587839490408947,0.3521749755636855,0
0.8635836117995279,0.3517120335903574,0
0.6007801323699722,0.06867802028820291,0
0.39965233799404,0.395289508484327,0
0.36198538791954316,0.5000130926908953,0
0.7041992588510064,0.8581700208292937,1
0.754804479961653,0.23867331197895203,0
0.41933236262443696,0.491685476318398,0
0.02510174015329414,0.9976143015740535,1
0.7587901887114948,0.1482762031637186,0
0.9362912965956596,0.12185314148706006,0
0.36296367615953384,0.5063955375171625,0
0.609568593975951,0.5132984195024537,1
0.9882655879298224,0.19357325122051905,0
0.23074424337295574,0.3642391771022543,0
0.8136473035056957,0.9738706573781887,1
0.1809022493470145,0.8253690669160204,1
0.40057389484298245,0.08851571167728889,0
0.42155701937093604,0.38291844662356267,0
0.6559419213394381,0.6177177515630347,1
0.837256252279154,0.6419005981069558,1
0.3015792840200793,0.3072038683863829,0
0.35694147144548183,0.32619713905353365,0
0.7087893597381906,0.4142830252331642,0
0.22999857224929998,0.7644154769219187,1
0.8991629420400327,0.2861183493347157,0
0.47829479741143477,0.17474152864870385,0
0.35617008353163604,0.4846591863164996,0
0.4465576829013539,0.2787781789784649,0
0.8312074110226297,0.25563620600571235,0
0.35032738534454144,0.7098502794844455,1
0.3127511656039069,0.6008698042748392,1
0.5249468539422447,0.656082818891613,1
0.7016271676094067,0.8509324408921469,1
0.4283640708821338,0.3938719113068777,0
0.16850087334434227,0.5554020451193988,1
0.044630758722751795,0.7386835669792211,1
0.4381226071298603,0.8375410402050729,1
0.3136038097545112,0.0401921746902939,0
0.5603517406645631,0.7709997225178982,1
0.09564502752462412,0.9412209616838016,1
0.7504505996965196,0.16301405933515367,0
0.5114350558175097,0.028888521575176962,0
0.6956424720275931,0.17050789947848732,0
0.6215563009808465,0.8441320784011416,1
0.044067254011610935,0.6631277808418337,1
0.7738366535515349,0.6517465482182446,1
0.9090478340982081,0.7217669344182754,1
0.5644944330643604,0.7851649910906557,1
0.9526147693758691,0.26831311778749856,0
0.5118934910627628,0.8431207434622304,1
0.8860870262841328,0.2884014225814987,0
0.8218720636997706,0.82507212708833,1
0.3187989442029049,0.42696247251474206,0
0.4164159377290787,0.0007105019345066133,0
0.6453644209012719,0.5314145269647758,1
0.905606395799311,0.3130881862077215,0
0.194485430733369,0.39756613200768476,0
0.6532292026881882,0.814223678423728,1
0.12139019859251188,0.24551137040467208,0
0.039251419987025526,0.2311013074597914,0
0.30118663952853375,0.2602046373243523,0
0.3687280584109571,0.13374560443617123,0
0.2259131357437355,0.31105637765030003,0
0.24676471288254165,0.9291100049677495,1
0.4785656759249707,0.37768535481125176,0
0.5022633937280173,0.9413767941945055,1
0.04607371431745222,0.041132003617530444,0
0.016910660226356344,0.06691131725096344,0
0.33009124515037525,0.7170710153839636,1
0.03526556229638644,0.5963175599460983,1
0.37685399119474705,0.6033246119533228,1
0.7839816692880682,0.04849509752179737,0
0.974742861727881,0.0745410446422019,0
0.11639956716514,0.3450292023198749,0
0.38385044322203565,0.06928229801727692,0
0.1713639653754786,0.9396528186138879,1
0.03789172912185845,0.009411112223556062,0
0.5302256707607438,0.870457527252201,1
0.6026108229435232,0.581984558349828,1
0.51061737529096,0.525969486181362,1
0.44289808914416406,0.18391100949779038,0
0.8326912432419334,0.5855056351188991,1
0.37850416229773076,0.14781164896361665,0
0.8212569377001463,0.7952171559124215,1
0.5756885897081484,0.6982339373133858,1
0.4812203967714135,0.7367581541108795,1
0.32603003984519663,0.8091438456257565,1
0.830390518821916,0.7286447429000407,1
0.5272766675278084,0.45404269918708406,0
0.8533559552546499,0.875108084540232,1
0.5415615885791036,0.9591024038460573,1
0.6209097884462979,0.5453086659964218,1
0.5066841278349036,0.668591326861316,1
0.39406350380286237,0.2184020718418782,0
0.4129700057192749,0.18827325890001545,0
0.255823607759014,0.8572662970736207,1
0.2797414448477188,0.2104734248530965,0
0.1465780688812327,0.6894785152724429,1
0.7865289073825046,0.362724022925921,0
0.1183197481173407,0.12359975617854857,0
0.9535500256253154,0.8568335768848473,1
0.0446235704553849,0.062022265535429666,0
0.880295433037222,0.06172547554566987,0
0.4753677690583952,0.34117721438816995,0
0.19920999372672366,0.6687235116823359,1
0.12010155864938954,0.84722247852995,1
0.10803377186648866,0.6715993564656141,1
0.3391264601178212,0.518866571131988,1
0.2840256053793093,0.7619060636682066,1
0.2815493711080349,0.9238055954921344,1
0.3537715078009871,0.43386104490274613,0
0.39789453213918624,0.6079936559673391,1
0.03148176542918579,0.8054913673636289,1
0.5334271569120371,0.22086412559672652,0
0.7326419229561804,0.9982970583326402,1
0.7480997584594903,0.4118828139676326,0
0.5421960282117375,0.3965045883279237,0
0.8654420638313061,0.770868947167758,1
0.27825457200689185,0.9449678681591344,1
0.46618383325002943,0.8667942217479314,1
0.2096695240402381,0.7762927065994478,1
0.7806903424607655,0.4148795821025323,0
0.1996656467096366,0.8140607411056795,1
0.256525427172977,0.4909768960013341,0
0.4734752639920248,0.37511674348965596,0
0.08756120295437197,0.8866857641721537,1
0.47178946700045554,0.4384492217409883,0
0.17209673877998188,0.7268344715524314,1
0.23417778124822985,0.10527256472880875,0
0.03486971135453054,0.8467114528817162,1
0.45062578217880245,0.1292733336291746,0
0.17974947938789998,0.07951806337076361,0
0.7476193154497357,0.18595267048992292,0
0.8251172629581263,0.817867931880668,1
0.6431667089012221,0.8946593922698202,1
0.871906924612166,0.6826785905145509,1
0.4940019230468925,0.7202937994615095,1
0.3257724177959517,0.8996354565539558,1
0.85837251895025,0.05302491473222626,0
0.8095870310163957,0.45191170740635545,0
0.03290535176304621,0.7938738837738504,1
0.7886948903940458,0.21170914638142813,0
0.2966128664611365,0.7607449925442575,1
0.4558754801210487,0.22533723699980512,0
0.3002715149810361,0.12452065077261876,0
0.32318367370687395,0.21867892093849672,0
0.9975958956460586,0.5138082410942033,1
0.4232755345193958,0.38625027895477615,0
0.000876720237138584,0.020847092289101976,0
0.05983218818677993,0.9356598932651389,1
0.6073011087691572,0.6461211172987548,1
0.8901972795857345,0.21127484316325928,0
0.8595583628938591,0.15548887990537696,0
0.6777472084218016,0.8349017496720699,1
0.2515051068305587,0.9634553290762994,1
0.13589658642783986,0.7105312749025189,1
0.06083337587572135,0.052224501107200005,0
0.3113901217226872,0.9024008664318123,1
0.10024804716312796,0.10039200578384988,0
0.30244501535174173,0.9548085794134286,1
0.24758680595761073,0.5281343565755356,1
0.1537726587696645,0.0354098977244256,0
0.3430315720277728,0.24838067725507795,0
0.36501548325621036,0.885013084089984,1
0.9274235351677318,0.0854608762977338,0
0.3004489361390029,0.3715036023104513,0
0.41703685695713666,0.6007562720601283,1
0.7665529405842146,0.8756747066480534,1
0.7394837533598139,0.8023523087639933,1
0.713360591817512,0.3436648766971031,0
0.9522933476918793,0.3097595735517469,0
0.12157663606059144,0.14862409128648257,0
0.14176395237583816,0.9426566093910295,1
0.3190544599602183,0.5952692559381472,1
0.4704422772183062,0.48087141514233667,0
0.011648865388368623,0.9678002665107104,1
0.17444656949991522,0.8329350776771065,1
0.5756120135215237,0.6607772404745246,1
0.4781041898376036,0.8628690102239938,1
0.5187088310267887,0.9721673192274404,1
0.5480009680872511,0.7151815410738972,1
0.6568892167006276,0.5450877338684209,1
0.3030628005949745,0.5652033322283053,1
0.5103474442901029,0.7374324940330235,1
0.73986335686908,0.1533341512873434,0
0.3133110260955171,0.6144216434977526,1
0.700224934733887,0.9897394913168559,1
0.32283738377798465,0.2670812490252139,0
0.3719861270144731,0.6013971162827129,1
0.241343595967613,0.041978911897179505,0
0.07027291296599447,0.9263314500791859,1
0.5203500089557008,0.4117819081369388,0
0.9138298661910054,0.9492697798076816,1
0.19934988034404888,0.778611453936395,1
0.13284154495730405,0.21068901806265772,0
0.9550060246545747,0.17508255279288332,0
0.5459654306640918,0.011964507782754819,0
0.17064450236558149,0.43582679592271356,0
0.8544762363021899,0.7242687566520912,1
0.4235762427560208,0.7220052138309316,1
0.9006678607221129,0.8194540766061019,1
0.09279155228001124,0.07817875935072971,0
0.6045113443230568,0.6092057043459321,1
0.9532258174440762,0.6058773123278669,1
0.07308013077367148,0.6712721800993479,1
0.6527527832726782,0.3655844843880254,0
0.2504872821062567,0.8756912785697627,1
0.09493338847755639,0.6335750712962556,1
0.6020583142443583,0.6868724042436616,1
0.3265198185677627,0.46483688712916005,0
0.10266752439439586,0.16798090780770725,0
0.3987526260029548,0.39816830334169395,0
0.3258563752827528,0.5685251574027163,1
0.23008857584097175,0.3164177305909729,0
0.8088756770330343,0.347583393287655,0
0.8550444188176457,0.20381012956049893,0
0.3220901556910475,0.6818212537031396,1
0.6810856107785009,0.008679299832239251,0
0.2946789237845133,0.7186120973853206,1
0.5240402554983655,0.35780933920394953,0
0.3537484755568453,0.89920114408234,1
0.25327378319133387,0.571632194361824,1
0.5693480205248215,0.5895600846953402,1
0.020728327917798994,0.5667518258911463,1
0.18121268215444064,0.25630012261115287,0
0.7388542003877199,0.37898315399407834,0
0.13086525841216323,0.927705113734111,1
0.9786203700341545,0.22992079187384695,0
0.165648220043765,0.8153028185073448,1
0.6448723210152336,0.19527124401074858,0
0.9460632223056505,0.9679453118442443,1
0.4135582394098192,0.8402184212987226,1
0.6617515774850335,0.7982864804001063,1
0.9985140295083051,0.482551434600066,1
0.8621294527077442,0.3066487769834447,0
0.46232223902846026,0.5221999990966012,1
0.41467530004242004,0.7420727882665565,1
0.5300973506954911,0.09282174663425335,0
0.9205323609699552,0.1173320715933307,0
0.3742305428403069,0.9074268025137858,1
0.3170252691725469,0.4990113331926337,0
0.5039272570617209,0.17725648992306797,0
0.8503264864250671,0.3637401140706559,0
0.6943341257146806,0.480276674268013,0
0.9594415510129177,0.40582036820830814,0
0.9898435869404679,0.2988528094575742,0
0.5343671293389476,0.19445660358915207,0
0.6245684640202501,0.34271168568831445,0
0.3249486510617744,0.5445759751207746,1
0.5475217703500942,0.3495926140865131,0
0.8278815363632547,0.5427344606022884,1
0.6622351593703644,0.3223069695259494,0
0.4318649353874966,0.10790843485350254,0
0.4593592181874008,0.014904320303288032,0
0.5713624777739978,0.4004498046953092,0
0.6996367234429839,0.6787865415577624,1
0.1589327483241354,0.8823566791928361,1
0.23018260899660647,0.4264441047241777,0
0.9639678359993241,0.035508913255774543,0
0.5102459735960182,0.7064444486999282,1
0.29236950176401,0.3209616040427413,0
0.766590413974651,0.05416287149845733,0
0.6224979248267826,0.11319903934288833,0
0.18537100513543692,0.25094790696357194,0
0.5699997201737315,0.417252292861811,0
0.8506127345826189,0.36832987153892505,0
0.6204567896211669,0.928366607547983,1
0.867299104492317,0.6197036017178429,1
0.672168523453563,0.008528335667497666,0
0.27751094339153637,0.16934085509329055,0
0.26563451017376805,0.5624924973789133,1
0.42529640400471747,0.3999173097068821,0
0.43691927887483206,0.10508550973730857,0
0.05252571844385456,0.03172458205413953,0
0.9883037061777832,0.024491243105780436,0
0.4644436053580422,0.4299578852708167,0
0.5825640271312076,0.3060456463153055,0
0.386546295914577,0.06295229965696014,0
0.9989628797543166,0.9756675564054345,1
0.9305112562127096,0.11837235571986404,0
0.41593916121239427,0.8651923956665497,1
0.6771424220501137,0.6541081495366362,1
0.2662063588322199,0.5201985277144691,1
0.5063128006503909,0.2593873092553629,0
0.18385421229168208,0.23520841890306554,0
0.3410498612840902,0.19168691194251297,0
0.0908621990539511,0.962131853702914,1
0.3746004890979041,0.2400225747456729,0
0.06383467680335375,0.5987896827183538,1
0.8726005495544384,0.81360953579124,1
0.9542131850441394,0.36007256750665384,0
0.4987331712806693,0.36671934637084125,0
0.6106873478228602,0.38818806608910894,0
0.6949150011015434,0.8157079145968968,1
0.9879028811067415,0.3180271364053969,0
0.2569309033790429,0.9088482647767426,1
0.3498131906645663,0.3858488548229553,0
0.15338172575909592,0.8418576084908831,1
0.4576294705963373,0.9704568059455332,1
0.7165478894655747,0.5076205937597669,1
0.6611834793735061,0.08783493790328856,0
0.5089579566537625,0.7455077423395895,1
0.9782084837237001,0.7231600908705655,1
0.11663349080700136,0.8091669724248862,1
0.07136196831676667,0.7542137324500569,1
0.44352276971822735,0.2937336846962908,0
0.8219405755485426,0.023265785436340947,0
0.653099779883993,0.052080586179143795,0
0.12340429594477575,0.74961594343852,1
0.9671039566682659,0.7134622569165444,1
0.31730661288517603,0.9543785427470342,1
0.2885423234218085,0.3487607040497259,0
0.07150704200419755,0.28189212427179844,0
0.2689158982144032,0.9832824297162415,1
0.2053689732930949,0.3336254310421406,0
0.1166855989276201,0.9011199646765651,1
0.9182827831032105,0.44979981201277297,0
0.8974021153116208,0.8980667218304232,1
0.7193487443236162,0.9517050640216665,1
0.018026549489097765,0.1493347886300237,0
0.11891194282871231,0.0161801077858722,0
0.04113970426080038,0.5199061978773937,0
0.0320933194391424,0.6059297199075725,1
0.471847083653287,0.17832501941885348,0
0.07145548301577209,0.1163486670736178,0
0.3748991748781044,0.14072097714079856,0
0.141293825940215,0.8044225130658816,1
0.12697757637642448,0.6151845216804375,1
0.8002788312051812,0.1344293247131617,0
0.8714332349452034,0.8069732227101223,1
0.10338619273713068,0.4002650069562026,0
0.3396498532374279,0.8188226777514648,1
0.43061131658970486,0.8602387785706073,1
0.7487911495836073,0.70856876646216,1
0.6374950955077664,0.6706076351451116,1
0.8397897401060214,0.24633039779884713,0
0.07017993448739723,0.2641039438318822,0
0.7856799709018366,0.9085066302226505,1
0.7617854616561842,0.22055068003358558,0
0.2573688119880566,0.3047209190775142,0
0.1895759485494002,0.3311525909519043,0
0.9096622602567478,0.022372326461208458,0
0.20726831421775216,0.212131049918603,0
0.04395401852236469,0.7170504108099128,1
0.8051019095576004,0.12068777785382767,0
0.7780413585752184,0.6554778863185776,1
0.8930050602538062,0.6212342712112751,1
0.25435840493761586,0.26981132943373065,0
0.4083071990022282,0.622847608190191,1
0.21387124313336037,0.16921133471368743,0
0.05297294637679628,0.02555466575062526,0
0.7571968464158401,0.4132020731631384,0
0.5001867921533911,0.8299429134950029,1
0.25825665561509203,0.5707547750528256,1
0.8829708642118499,0.21286982338526406,0
0.8685824324017283,0.6588040200692822,1
0.09881533928342345,0.5225142758855704,0
0.13533155419898246,0.029202238631639954,0
3.422584499013226e-05,0.9392962354876928,1
0.005124608318104129,0.4231347931269267,0
0.786354882688111,0.30191024063826677,0
0.8372073696313231,0.017024448246569013,0
0.7933222517391183,0.4213271891826703,0
0.8638171117890149,0.17801231473478352,0
0.8999327609474906,0.5403324593041778,1
0.9325504065565368,0.05877023150349203,0
0.4477492773055518,0.3422733499544529,0
0.8547439864534696,0.6207725661164754,1
0.6450216320414642,0.5589783385628121,1
0.31779860494999945,0.23647820294460187,0
0.213233407023681,0.4816429940180158,0
0.2660143716712191,0.6652630125839295,1
0.36304599011468464,0.6442674291083915,1
0.6574239844352809,0.8757587865579923,1
0.8512140323456515,0.30318616805955734,0
0.6741787263493171,0.19124106815943342,0
0.37672809484527137,0.08414651054842026,0
0.6683345272876612,0.8256872904329364,1
0.4010305491715629,0.13800979653904888,0
0.2960276269204378,0.4235405715642143,0
0.5053920707741861,0.03268310132375529,0
0.7077915699988796,0.8672136836165018,1
0.0957022192282847,0.958367385343143,1
0.5031864215226414,0.6346492092318787,1
0.1485312259170024,0.23827229632639357,0
0.4929472298559625,0.5146696745989157,1
0.8739863288665931,0.8882574435556638,1
0.20267703936055692,0.6110379828006341,1
0.47661481138400996,0.1739480040329241,0
0.453206662872104,0.02481938590050603,0
0.20732433296389763,0.8901889410406079,1
0.7099124001599745,0.5430704140167875,1
0.18040875164951775,0.3799367248938412,0
0.701073682466236,0.900967847037416,1
0.6801191686591403,0.43646176514269197,0
0.6679056458711977,0.009685152511152761,0
0.34522145260704373,0.5296722932214174,1
0.9083574607711108,0.2322153849448081,0
0.29909244444907823,0.2088648352382695,0
0.4123846460457581,0.9752023741116372,1
0.6349201089001679,0.07040090484106654,0
0.06518869716098752,0.45564201549187233,0
0.5050660696641022,0.8333236796676153,1
0.7706592084223314,0.5454607383909675,1
0.21955462711191776,0.665719451026563,1
0.018248286378942602,0.07301291189331582,0
0.030035243972168724,0.43270229120233406,0
0.8649484218005091,0.1519622763402273,0
0.83845940818636,0.47838859636768094,1
0.10385859209143267,0.4749562691212167,0
0.14290317534871966,0.12897235360531667,0
0.6446155633558789,0.5214164308755063,1
0.4705687154829089,0.16729645925818115,0
0.6221005897581235,0.9208495915798981,1
0.7155079866104425,0.4697831407680584,0
0.527227711250422,0.5501248123654308,1
0.4285359955618362,0.8393200496546176,1
0.6249532151290569,0.5017067713948017,1
0.5621992739889948,0.45327092304262573,0
0.23897548933624557,0.5551101585789945,1
0.13086149039742812,0.3182805706478401,0
0.16135423985117603,0.5670555750445943,1
0.04997936560890215,0.5024909873379392,0
0.19928654792967226,0.33820627663364655,0
0.769857558753473,0.8643377428664649,1
0.8540584794282146,0.2900850256207731,0
0.5867842523722918,0.25017198215459,0
0.5698683593947313,0.3240021787310381,0
0.9553719000489146,0.5329222679364233,1
0.8422781470624542,0.7583564812887498,1
0.79029423770518,0.8297959321697767,1
0.14610473834657933,0.48732794000768,0
0.3746153914968674,0.6967590817461372,1
0.210359553327653,0.3548390961649178,0
0.743851324800792,0.2573946397824761,0
0.6901230596842651,0.1473297050683886,0
0.6741732088137187,0.5305808111545087,1
0.31996544931394166,0.8226479295085704,1
0.5104003664543922,0.027746850694132297,0
0.03163900588014246,0.6088840858065899,1
0.8381476031262766,0.39400347945529623,0
0.17893143781948018,0.8311144593189382,1
0.45210474100919484,0.3348100263558631,0
0.0872748095751208,0.07846502073703687,0
0.2583507147049776,0.9119989772668842,1
0.029283554442621096,0.9259061405127433,1
0.0219713636805694,0.3932304736070218,0
0.41698382577279414,0.7791155013444382,1
0.7336749981596646,0.366406289885165,0
0.9864568361632136,0.6317341767941524,1
0.4077949260452385,0.9253053936907286,1
0.5199817136409566,0.35760016968900155,0
0.18320707375795098,0.7556431252684005,1
0.8316710197928829,0.36066541950711883,0
0.968081373364789,0.872195834093957,1
0.9555665226422695,0.904207828761203,1
0.7289284258836276,0.9539548492909796,1
0.2723888611615779,0.9428119028838646,1
0.3843805141107739,0.8173937073535319,1
0.02267102255965925,0.10942853024084143,0
0.4431548071200915,0.04429603871322829,0
0.3543900953099294,0.2516732532401623,0
0.920041735314689,0.4515328276627073,0
0.5977714121205933,0.29264534015791155,0
0.58132157584443,0.1369436547817341,0
0.7433161784782113,0.09232736257301799,0
0.9558078361091005,0.4437171054520668,0
0.9649521180666122,0.557682003179937,1
0.44486635206338576,0.6442159643872194,1
0.8914424690154064,0.7469698321863495,1
0.21357477355793186,0.8040948568505749,1
0.1854861190848639,0.6258775490470452,1
0.9975172840117517,0.4874898730553766,1
0.6790777530302822,0.4268995425548361,0
0.33347196101630827,0.7412687336278652,1
0.10056392484817289,0.6897274367401857,1
0.463654055805918,0.720506239527296,1
0.42498980203561887,0.6070288123155294,1
0.23094611216536942,0.263342044527499,0
0.6566994178272175,0.8670381561492186,1
0.1521525979562215,0.8291163664122085,1
0.10415837608964307,0.20189611456977175,0
0.3154426618782036,0.7846542853367838,1
0.8541432609943395,0.30915301863225697,0
0.6093706868404736,0.8114971040708037,1
0.10405807934610534,0.8531724449301603,1
0.6260526772539416,0.6263561073543238,1
0.9957270887133213,0.36977257863253143,0
0.7797223766738794,0.47654454903518795,1
0.7714974057820162,0.7528310753499015,1
0.8386119361586681,0.2558781904270533,0
0.6152761077088691,0.30511011017984635,0
0.36740920582138104,0.48710460500526154,0
0.7978338139503128,0.7506023702369825,1
0.9216257451354646,0.42667546517725585,0
0.1364576237932592,0.08807477560295551,0
0.8020903363487225,0.3467166798294731,0
0.6961645337971208,0.7872541381148089,1
0.8521255147221437,0.8067064790792503,1
0.43895495973929743,0.008908496680889555,0
0.14262404398125927,0.3337224904718177,0
0.062406593815325095,0.7033398026510241,1
0.9370669329088213,0.24078521133255648,0
0.7980492867435933,0.054056590203168664,0
0.20026927182260357,0.7615767993468405,1
0.2790298085022944,0.22660658418625967,0
0.8159430910236453,0.8882773367297212,1
0.5076455256727165,0.9983379280676004,1
0.7943512629041078,0.04515234783250954,0
0.9356568466665094,0.06170175380471754,0
0.19846412347976383,0.8204411672369862,1
0.3882058490144028,0.8921355173751515,1
0.39408013567492806,0.603395051573473,1
0.98675117220502,0.9014235933228255,1
0.5938238494591764,0.4774779444011943,0
0.4545118990975142,0.3237188202410748,0
0.7226174728671925,0.03606205147149277,0
0.02339814160026865,0.031245687951700685,0
0.057397322599544665,0.03040997569179793,0
0.1605914941743556,0.28068910454026286,0
0.5993296920551121,0.6979972228961505,1
0.08982499142133071,0.6587663586612325,1
0.7100662778628987,0.8745364051047076,1
0.45621625061868376,0.9203763302905046,1
0.4498914119981249,0.8708092551871589,1
0.11839524567924442,0.9070386354335321,1
0.6367915082136809,0.9998500057550275,1
0.5544105102267758,0.9595680719028508,1
0.632521261682644,0.4110317243517424,0
0.2751665639857699,0.09973856169903927,0
0.4827122438800444,0.007275074834570683,0
0.45276467617023797,0.005986113005912785,0
0.11394854343806227,0.04329288619733329,0
0.032100926326469215,0.2538096297584438,0
0.8605829871934423,0.8042378586268332,1
0.5511056232781509,0.8697888012975922,1
0.47398615217677975,0.3464421966273188,0
0.656510298908357,0.9571708377181563,1
0.5455574760964192,0.777985287944947,1
0.6219717506089505,0.0036564647402179684,0
0.9494324236472169,0.5086297327992746,1
0.11769738919728112,0.14079858532897827,0
0.505132850814878,0.07863068648168636,0
0.269607258190259,0.480058758045261,0
0.14919360266660076,0.12171868337725344,0
0.9381694304414546,0.5212867037871219,1
0.10791813852721188,0.7266186446513998,1
0.9437699048817362,0.7470066009771789,1
0.14066992907400577,0.17814318102504423,0
0.255925197376044,0.2732277991845604,0
0.3895260725935188,0.24847321461537564,0
0.1973597575719903,0.85864163572334,1
0.8403077604025964,0.5303850171935801,1
0.2324800216377143,0.8136187301486247,1
0.7299420549885437,0.5272860840572826,1
0.7933752744131974,0.02225604960262606,0
0.09022537128729735,0.6239801894917204,1
0.4187295900386888,0.7083907029881856,1
0.24993099798712437,0.29399304766444745,0
0.6037698530427054,0.16088350595163303,0
0.32752500812689245,0.4541013420495804,0
0.04711898528633496,0.28104002315759935,0
0.06603012681231113,0.902335582083137,1
0.9082002146621961,0.7927986782733066,1
0.600367981504474,0.5808590202092426,1
0.5672629455650191,0.1683731950026035,0
0.9929990629447262,0.022007416763405896,0
0.8694674267807606,0.4210119251281569,0
0.2364850864831205,0.6999915138063497,1
0.06173635627263907,0.7845034558984872,1
0.7663253516867837,0.970726492929566,1
0.14607495870143805,0.0022744790744803067,0
0.5384545885961101,0.5721086557277714,1
0.9648583348074087,0.3756471832374406,0
0.01882244020128898,0.3910109236424205,0
0.02898983420707102,0.438855188799224,0
0.6424318767674558,0.35475544940180015,0
0.23403349752430314,0.9305457241206174,1
0.5596191107440186,0.04260610432569101,0
0.8284372444035414,0.30343803675881287,0
0.5476243428637221,0.9037117317032668,1
0.3556591010188266,0.9848604277812862,1
0.6195162262748073,0.6169816988240114,1
0.7590441437356545,0.0779122168201527,0
0.9198647004930074,0.2612275680724939,0
0.2968199005095866,0.5465419275978872,1
0.8132238740428347,0.8683786156071108,1
0.9675241111847825,0.7343800528207888,1
0.5398803552882211,0.18216457198397396,0
0.12965394919049322,0.9784965887069978,1
0.7049193486468844,0.6928233503872789,1
0.1682083485564254,0.5953400098264982,1
0.8910195094095429,0.3620106444015957,0
0.7206305612238917,0.06378315610891605,0
0.5568520461014764,0.4633641467899472,0
0.9495474326567048,0.5627182779236278,1
0.17365664317720486,0.3367527924765641,0
0.8994040958205042,0.0788241727303508,0
0.8309004597903955,0.45219896788502767,0
0.6401577839750082,0.5501277815780995,1
0.9014219598011309,0.7453152807370528,1
0.9729119624073345,0.8197005815028596,1
0.7596573347943159,0.5608792315479937,1
0.6280334780522797,0.48727681315506344,0
0.30075658853154563,0.16851677703917334,0
0.5719062046182801,0.16087075873387835,0
0.8976764800556403,0.26189730695531155,0
0.9194814887427067,0.5673921227130706,1
0.9489589354822987,0.15820191278895313,0
0.7775797040712412,0.7145656035957754,1
0.12354473930602605,0.4789725360357747,0
0.7260852593589721,0.489271957448817,1
0.8999334220204436,0.4567069346365441,0
0.13002641286026795,0.304476745071673,0
0.30998659239347637,0.18053866197146584,0
0.7010789445910565,0.937981938157092,1
0.13381931798802438,0.1288704618609694,0
0.044991495310379714,0.24766322950097008,0
0.11723135782990501,0.7372502504676985,1
0.9870292176216541,0.17222578831580782,0
0.5307186235689635,0.481641546698509,0
0.6028066243122694,0.675124362667557,1
0.4681087327818477,0.6114383554328545,1
0.8204186822651964,0.023335457950223293,0
0.4546973121461938,0.07245600724202472,0
0.6197022572245678,0.7464247419992589,1
0.43139564951885634,0.9409794056066786,1
0.9620138820840723,0.7840163721687237,1
0.4505043228564142,0.5041956118073982,1
0.5636984243296793,0.5811107974146765,1
0.4760619175528914,0.4011286007509133,0
0.2994128585193564,0.3115889131282086,0
0.2352403347440487,0.46239414628812225,0
0.3635806879806841,0.9701422027484298,1
0.10671690340343842,0.3655242497176986,0
0.29805858842416055,0.32980833346154215,0
0.3372508692290216,0.1595353387768711,0
0.06562097500009034,0.5659162134503991,1
0.4940594514634511,0.0393856946075154,0
0.5857840476448726,0.04179195893838128,0
0.08001400810685,0.8886096169948178,1
0.906057751415525,0.7498510372546451,1
0.9756158680194106,0.5517332827505328,1
0.9555679475168102,0.4526759033746589,0
0.56193752631449,0.3871036080549336,0
0.5697450120458426,0.6051458682541042,1
0.6687470231730702,0.7384231992959098,1
0.5180681615819421,0.46238942904919766,0
0.7548414150708311,0.5316732500696749,1
0.30487643261062136,0.18557243210721697,0
0.2165102890078937,0.1544952057306278,0
0.49466517998085235,0.39668722041500704,0
0.7802062654566368,0.9111231736989774,1
0.9188699805435796,0.7392453325751887,1
0.6309901556292418,0.9368700179489335,1
0.19446116727787188,0.7759778559388836,1
0.9195336313705376,0.1030008204773204,0
0.10775396696837058,0.33967294149132865,0
0.005463968218910931,0.06084538022337571,0
0.6105543703725688,0.9026497849822187,1
0.42816654052231207,0.49002008799567076,0
0.10084298131978398,0.8863731302663542,1
0.10712521888718818,0.09347793658356507,0
0.5478363585503118,0.13878099422193724,0
0.3189696491180294,0.6251218359038219,1
0.4178071601551844,0.6919174916841796,1
0.5158284698874019,0.9349168865092322,1
0.6094148876822931,0.4723949677192021,0
0.07295170385017569,0.8716515439225183,1
0.11698882109660647,0.9736706075229045,1
0.0008099373866982118,0.013781283469357253,0
0.13075329943910974,0.839388727289862,1
0.8908661494212848,0.23875301546685013,0
0.0377469911554813,0.2903340957974433,0
0.9391721179433825,0.13066311087571392,0
0.3671048407812826,0.8555891068421071,1
0.4767518261360202,0.5780889549996915,1
0.05076832830915512,0.6082898235107995,1
0.2618673987281478,0.8967557411781563,1
0.3317580277940283,0.9688598491896293,1
0.974910192974528,0.18822101641019073,0
0.48173160636242685,0.49988436763451993,0
0.8534996631774806,0.4506469036513866,0
0.8482119703865801,0.48042510738212985,1
0.6494047753716002,0.3893243548722518,0
0.14265804608782617,0.7459156565496605,1
0.9702362323700771,0.24952840803068166,0
0.4179520129036933,0.520947193626163,1
0.35554940284329506,0.8951181286807047,1
0.8444193789438517,0.1595392277601565,0
0.5142802958215136,0.5736107487350157,1
0.5769715698454815,0.22778211908333423,0
0.11898449803544564,0.9271552783371162,1
0.6061349916193977,0.2123287257243317,0
0.3889872273063132,0.8868716153708106,1
0.26030780513003227,0.8652027674196017,1
0.2898089383993744,0.43254469128741446,0
0.8590233278832791,0.7461505134295509,1
0.6408382144796971,0.2814595706997347,0
0.24396512710964136,0.7867916963226117,1
0.5664457303731356,0.7803731875245885,1
0.003867735359160296,0.8786243177255281,1
0.17530709154286095,0.9297994027798282,1
0.14730786477675306,0.09654305018367126,0
0.06214109562806325,0.008636526523174148,0
0.9101360819770996,0.03554801680931552,0
0.10024104632874087,0.8229639468096804,1
0.8442885512806307,0.8378445268948601,1
0.036090837173776924,0.5991473784382686,1
0.4019061459907548,0.3089789459819129,0
0.3273602859396946,0.2111036090345082,0
0.684905511250147,0.29395537783498793,0
0.571405377312395,0.8082316233304264,1
0.9620542795132783,0.2157276188393249,0
0.9520082391894354,0.30308012477304225,0
0.9750061327985837,0.784725433531287,1
0.467356932721981,0.07448407767593457,0
0.6214685369415005,0.1101122418306304,0
0.6510004975865548,0.30784171260803406,0
0.3275902499963912,0.05486532001698319,0
0.25572570934928285,0.8391336171693463,1
0.16571207801427412,0.9492429192760644,1
0.17315488596629436,0.6563608757508842,1
0.8186691024332899,0.9289957109711613,1
0.6427579056051229,0.446412237134017,0
0.09626371468491335,0.9394558902910815,1
0.29120351321563265,0.1634049617615856,0
0.5005472800336863,0.06730636856366423,0
0.29089466201222747,0.018689567617058978,0
0.1795731072207195,0.12243649255992761,0
0.725939343612768,0.7794692151025884,1
0.18933941885121164,0.7713338543596038,1
0.08233568800406976,0.46602430424745467,0
0.9401404102098826,0.8460369850515042,1
0.04662118898411338,0.5005248638364936,0
0.14315632644175647,0.8218967010690593,1
0.5073523857968879,0.09350789071360244,0
0.40482171734024686,0.7833281267048775,1
0.02372907878333541,0.7758139907232443,1
0.14286786056269507,0.900022726692809,1
0.9347750647087245,0.2284817714730868,0
0.5829866841249458,0.012606444738751388,0
0.27304569160692804,0.213593338940279,0
0.06634356381059081,0.4474771056764092,0
0.01160031769820924,0.3579585366769694,0
0.06285160757878483,0.48710987460450084,0
0.18327144710959054,0.3536078518431829,0
0.9134322181374067,0.7852772261302479,1
0.7240463557103498,0.03909956457407182,0
0.49622745075808783,0.511173851010481,1
0.49631532470329554,0.30403974286868596,0
0.5000577123438923,0.21364784332956643,0
0.45205510617244304,0.39803069858488493,0
0.6009910623461698,0.3685742922118256,0
0.956440156731405,0.08870976736968261,0
0.45204237071449305,0.7571378803087564,1
0.6864176343412216,0.04499294476552618,0
0.2755066052788574,0.9735020006027814,1
0.7877254676469282,0.9696250467414416,1
0.04957767115112055,0.3902871325998035,0
0.9797239222914254,0.48877060039191245,1
0.9371178811383828,0.724323254260455,1
0.699617564010517,0.05995998743458952,0
0.765789621542065,0.22424898704558682,0
0.19634983963896235,0.0759642355108896,0
0.9995115369213491,0.999312003427694,1
0.25513323050617764,0.0013508163579867283,0
0.3904187130959582,0.7617584907499984,1
0.46990652886960804,0.5510087352754764,1
0.41399234113247985,0.5740182427315568,1
0.32597433104032236,0.35536291393772357,0
0.43777670968369775,0.697905459047903,1
0.3379850962626615,0.327518666737466,0
0.29030863074688407,0.38698739067462296,0
0.6565581035052218,0.5654405080186451,1
0.9487491620670104,0.7672237744455763,1
0.8632740992005151,0.7289349958513031,1
0.8137021849878432,0.5718069271743424,1
0.7858932772720979,0.16329766950710245,0
0.7549220119741545,0.09025722075045217,0
0.3803824656756668,0.33892636603418347,0
0.7332798654127778,0.18049430752952222,0
0.5002316617971221,0.024957227614771038,0
0.4899142464866242,0.3106700860855609,0
0.7007217682391528,0.16998512260983023,0
0.804388209905593,0.9506365019568468,1
0.4177692347567661,0.9492019308242085,1
0.3958848254335051,0.9677738294730176,1
0.24833297123737164,0.6182213053139038,1
0.43704535584830995,0.688667068032014,1
0.797512282856509,0.5832915277517718,1
0.5480338210392188,0.9992021400826697,1
0.736816227031026,0.09324988406002499,0
0.5224625446762048,0.021742242261377998,0
0.06717940977274262,0.06498121035612692,0
0.33581743338643444,0.5508903195244688,1
0.425101786162131,0.25715663509208375,0
0.877455560611719,0.3776128225880636,0
0.897232748658951,0.9649724268776805,1
0.34064575183169854,0.21332257419699652,0
0.20744885597768914,0.8425799726886175,1
0.33886334572648713,0.8052562801874841,1
0.44072422017365975,0.18700230340077073,0
0.0032257827062781574,0.39191394876003005,0
0.4165917919242905,0.27014248335367697,0
0.2012206007140358,0.8918371381357333,1
0.24380836438286801,0.3838790569184499,0
0.8970040354821641,0.5684478189460319,1
0.5937455399799337,0.3119657585573782,0
0.34838071814555727,0.014244051669672242,0
0.7195261057809852,0.6085040939587907,1
0.9757539648433943,0.14882748184786876,0
0.5862195940217751,0.21799182743968992,0
0.3373391582742302,0.798977970161658,1
0.858534146274705,0.2714821774373839,0
0.5334602401875834,0.7491600877616925,1
0.7030578311717516,0.7722029353882962,1
0.234021476499496,0.46270090282784493,0
0.3466239004024062,0.21746801362998747,0
0.8012644001963088,0.9455189975820519,1
0.6584942841729166,0.0608285592820581,0
0.18007813686202734,0.49589930457588627,0
0.3853576501691577,0.5238401716030073,1
0.21558629918844707,0.42040267014325383,0
0.9880953111051798,0.8501335183257945,1
0.20042046479709397,0.5492837487650872,1
0.3018233829820909,0.9567788557142761,1
0.979421330824432,0.7085990462002315,1
0.07236224916121248,0.6138818336154274,1
0.5348960632427842,0.7048562467329185,1
0.5248331197281497,0.46693927062518514,0
0.28537818000087456,0.26272412129041145,0
0.03311108997578838,0.8084547281739523,1
0.5050823297241829,0.11909171759330461,0
0.3916898683317931,0.03851166658226324,0
0.03577219604239079,0.8555684455268652,1
0.19081553531276385,0.7926706605693965,1
0.15330533627570897,0.6344703554350128,1
0.9570214742400233,0.16909671185882558,0
0.3014323580844438,0.7391828778571173,1
0.6879048807898072,0.6718648492043942,1
0.8592622972569244,0.0018208667351894414,0
0.5507495967070883,0.010133801584752633,0
0.5557120099413628,0.3697352163803551,0
0.9591592690205526,0.7133852064918331,1
0.8716211743594126,0.03967965611997193,0
0.47447101764933,0.37405426231613403,0
0.015329753016023795,0.4737150489835996,0
0.24430826207914058,0.8528483142923908,1
0.13498378430037572,0.9101098978236826,1
0.10362945484570629,0.764859898454372,1
0.7117186664444921,0.7902680218132115,1
0.4491943493319255,0.49222498375818347,0
0.34242113084328885,0.5821471541015545,1
0.6633821380208518,0.03052066057351377,0
0.2124158831311309,0.6309013934301065,1
0.8234641309144702,0.35567996202775987,0
0.5557366358050149,0.9638129279890176,1
0.3178769193961668,0.38765814926515463,0
0.6541878946148799,0.46713531436844535,0
0.5871086602577972,0.17721938162215767,0
0.5931795548186389,0.4392099292995809,0
0.4534730220013864,0.9877285479379315,1
0.04033353258010386,0.6554686002695894,1
0.974276924710823,0.9198919033050363,1
0.9756003198334353,0.1654957144305902,0
0.6529458114280164,0.22286415666560266,0
0.6750545209044638,0.2779044842626289,0
0.6324802477113678,0.9848492644042719,1
0.44725522161300446,0.6260025192990775,1
0.13248816953779285,0.6685272572329817,1
0.30104304439737883,0.3803240513434085,0
0.4923943616985731,0.39991533135894064,0
0.7163576268160385,0.6365018803274756,1
0.3987188682497078,0.1115428890350938,0
0.9809211264086746,0.7482405123906687,1
0.6533242213060155,0.7569001800122163,1
0.29919904874025205,0.8030562692206628,1
0.12779987286246586,0.15196040955760282,0
0.3613066397303132,0.7611057263784631,1
0.013039368313509714,0.33184845039603716,0
0.9661274792416195,0.2235886964187188,0
0.4312055635669869,0.47000167545522464,0
0.12742527101777024,0.7788398134547677,1
0.2603974651993931,0.04924669658612402,0
0.39007400641010503,0.412620134877154,0
0.16637052774607575,0.2222218110879539,0
0.945148388086038,0.20292515234518127,0
0.9834100576119056,0.12925179386998353,0
0.7796082270591129,0.900955406959926,1
0.5486485782803204,0.9933825927295784,1
0.36489972487785705,0.9869574704404254,1
0.9891063784766392,0.2944380181934425,0
0.6747073901892817,0.857776213357658,1
0.3310898024667064,0.24626281418774076,0
0.03528067154228087,0.2874030923851234,0
0.44878644814996693,0.6250001348782881,1
0.20352290243138693,0.3812070091830626,0
0.6273709248354594,0.6781698105846321,1
0.7597231764112012,0.6151435837153473,1
0.9068487255142618,0.9108963123300745,1
0.11512062876133333,0.40839890506792964,0
0.09663924055558792,0.3060122382310919,0
0.678295589614719,0.784309265958329,1
0.5347121450131057,0.8670806305021764,1
0.3691791115204224,0.9923926585674139,1
0.06417644994020877,0.3637504941898855,0
0.8577477949805692,0.3911317502523457,0
0.9702859164825723,0.39572195608487015,0
0.584116172463805,0.4368507403716497,0
0.0005827218720223515,0.9123903799281156,1
0.8932418197049367,0.4613153456108725,0
0.6144856970735852,0.23128109427335197,0
0.4187962910577244,0.31874181283195757,0
0.9755025645108331,0.8974414017195487,1
0.4386224858928318,0.23556465993297115,0
0.6996051331850327,0.8526171688811423,1
0.18294332953920722,0.07447317635389616,0
0.8218585040710145,0.3203770334874245,0
0.874400384501789,0.7737111949067653,1
0.9786719408680428,0.4242473154083849,0
0.287725742939962,0.11046706437193188,0
0.7337940124160499,0.6951929060757069,1
0.14890898514632522,0.3342491190064344,0
0.9746935194760159,0.959845453187127,1
0.135649776598478,0.2588086597626633,0
0.5106727449657439,0.8225268795301373,1
0.8226209413449241,0.21498995185504022,0
0.6728380959537182,0.09234064321462565,0
0.6402778541631834,0.5534921116415512,1
0.13301346053802154,0.7076381069100811,1
0.6172091131249812,0.4729472707224247,0
0.03791702319540957,0.3100117209501495,0
0.042908057199282035,0.17619268694261547,0
0.5158048302509978,0.856403998140545,1
0.30574329918674614,0.9266106370006784,1
0.7349385668420966,0.5102181261717502,1
0.3482316861217467,0.03688798371314761,0
0.1896457668522632,0.311046082017726,0
0.24842876369449263,0.029811886851063618,0
0.2069531029121785,0.9502665051025811,1
0.25959890510086536,0.39235444518731766,0
0.11172411736442589,0.15904654380204675,0
0.15546276774749357,0.6337545437092842,1
0.04728130320628865,0.049323522587204294,0
0.5417930061983623,0.4213586872019117,0
0.4765287895193213,0.15879009970977165,0
0.951721426866015,0.13136093210729738,0
0.7559117321204858,0.942594624935523,1
0.5765428359551636,0.18558399459971697,0
0.4603349205145083,0.07987991944252537,0
0.17141498496581142,0.3322177608642304,0
0.6631268199970051,0.9504623761266454,1
0.014443637209297866,0.5877997462910018,1
0.781993134687132,0.7204890527486577,1
0.34250708403667274,0.19590382740683587,0
0.8488416513530699,0.5051061701373198,1
0.6599933782065849,0.10483293722383269,0
0.37879881225473544,0.15122086812627822,0
0.9971979136827356,0.8201883817378917,1
0.6482630811843504,0.7106685644654078,1
0.9311916417831787,0.6200670228055291,1
0.17411718161931866,0.9083524296648852,1
0.7273513458362205,0.7537548752068315,1
0.22586524983927148,0.7631698200444733,1
0.32755550154227286,0.36114640695270184,0
0.7987883507836453,0.45185618174665365,0
0.3306992855185118,0.8901512708864359,1
0.3619441601175206,0.36544680417718367,0
0.6866140973944378,0.4567857384166075,0
0.340106798207541,0.5359722499698427,1
0.7696940017220942,0.9619903849802519,1
0.8840813910627566,0.882751179233725,1
0.3910583772473849,0.15289012382104206,0
0.25025600449043006,0.6179718615286972,1
0.40808194903388706,0.9011523271869478,1
0.24843269190792638,0.9967566702691021,1
0.7905823786968954,0.18016108196264813,0
0.40620289074096116,0.9192426619528139,1
0.8526116726066704,0.4650518635781441,0
0.7613142930470802,0.9431568068442474,1
0.23917120670735925,0.9242214458112198,1
0.24170409507507196,0.9935583668478285,1
0.7224465478573378,0.9707495547116747,1
0.4134928134509458,0.2822592459338785,0
0.715213242888758,0.7021972117982256,1
0.783624286517828,0.49581476526552537,1
0.955188049410995,0.6834256267426845,1
0.45055670304699247,0.2651138340200787,0
0.4588116727547976,0.05368609008680225,0
0.9769597192530188,0.3959126575988071,0
0.6355174461329717,0.616255525012095,1
0.4360060817089493,0.5619636960228476,1
0.7849250343648553,0.06989614161555291,0
0.9044736386340854,0.5526730424448522,1
0.7776920236424866,0.2394423311085656,0
0.8095765060518867,0.9818257559381637,1
0.1931176048389307,0.8301205265954699,1
0.27144932751202944,0.6242369670150142,1
0.5638345889161511,0.5771541095740991,1
0.192615388292526,0.6250337599659979,1
0.7549749230166886,0.44259280297499637,0
0.40645903225305613,0.3512549738502013,0
0.39883368448563095,0.6303580587681044,1
0.019399891900164334,0.010605456520211831,0
0.3578116695829029,0.3406971694598937,0
0.563271826838738,0.7168969873239895,1
0.023692466017345426,0.9035614178777681,1
0.6448927913900954,0.14842083303013076,0
0.5223853805124796,0.7253717797845676,1
0.06278959574647358,0.27418070361874314,0
0.12325989879979304,0.8726736767626707,1
0.03408710261754011,0.14929504767740087,0
0.9779175409359415,0.3634014687226419,0
0.7799325757482235,0.09808751122881021,0
0.9787536904210199,0.2762710642397441,0
0.14234501891273066,0.4084040648738787,0
0.6622172497452048,0.018487103328227117,0
0.45269771542744086,0.8448672110749638,1
0.6708420438025876,0.7775900903179505,1
0.6050932238685035,0.6002404909798277,1
0.8749289923720855,0.9399667517035591,1
0.6781124906674951,0.4938069903395833,1
0.7761937147322958,0.81466140976942,1
0.4056215731433582,0.6332936605879391,1
0.02828785967641323,0.40856634471466,0
0.5827248626445288,0.1381331279007133,0
0.7065137116774202,0.8317724316811417,1
0.052209684654809574,0.3960770422297607,0
0.04792878515774379,0.5591993856851084,1
0.8173807421718637,0.49222200816437367,1
0.7635785965480495,0.08066516696570436,0
0.20815552244242697,0.860279307493101,1
0.9062767263703913,0.21480581883077576,0
0.5170304478260934,0.26620202511858015,0
0.5502415170294382,0.6767209592725938,1
0.78899096528782,0.42643248248426513,0
0.6398177396082579,0.9194519830223574,1
0.9549462332578372,0.34203544106388584,0
0.017767998474861546,0.9188314967567046,1
0.23759689740473622,0.8559435509117259,1
0.4956756676651486,0.4264790333799414,0
0.729908013896781,0.17920636352615826,0
0.6286230620417602,0.15818999370608,0
0.7017278109906008,0.4380767403985907,0
0.9438781662917166,0.4923188576242553,1
0.49401963571538754,0.31917950241290804,0
0.0990209443841118,0.786517969289523,1
0.21684595511188554,0.15124584761605986,0
0.6895015839437039,0.014534954674069067,0
0.48890388041592536,0.7700897947278488,1
0.7303618796055329,0.011753705539131354,0
0.4057979351376475,0.6913364864998679,1
0.42507678803034765,0.9233532707640301,1
0.5152518464020699,0.4809033740962827,0
0.7142107058815196,0.29573933417673737,0
0.37067943252433,0.48638937012405514,0
0.16071460072980515,0.5089047967054493,0
0.9079266373910898,0.498137061919964,1
0.5334321988489603,0.4286669758102858,0
0.3591031352437407,0.3454446631653696,0
0.12970306561707445,0.1911130055850666,0
0.593165132213957,0.45955979619416853,0
0.4028852587138654,0.18357794457843846,0
0.26437683520666444,0.11807043224010538,0
0.4770724843177172,0.4267163816871664,0
0.6049981564326755,0.030590820441701694,0
0.0920760580984128,0.2781910544703242,0
0.24689374734728764,0.61298896958768,1
0.25389168695863673,0.09055421514520312,0
0.6453909686430528,0.32532741997936276,0
0.2535362257965137,0.64395204984974,1
0.45071131126754227,0.23387865704549893,0
0.1751085060979114,0.18509689583719058,0
0.8267801491787949,0.4229622435498823,0
0.12092783271580054,0.9133992354750574,1
0.2659817308040743,0.7649304208819413,1
0.5045526447619197,0.8560317288582449,1
0.10552207936348246,0.48167516190017623,0
0.3858954339828219,0.6462696200197721,1
0.7416093799027813,0.12321508920972168,0
0.20953057412551046,0.29205452076872584,0
0.5833450220365657,0.12889300476625598,0
0.6139196452173032,0.5958230741992527,1
0.5140421937317273,0.8813505062599567,1
0.12702483478160964,0.5791721543602557,1
0.8564567782523629,0.8091336854361483,1
0.8343031308260659,0.7224003682268423,1
0.9268562920906467,0.1580406694916464,0
0.1924701767719188,0.05278768311339155,0
0.19925318254849134,0.04033527585522889,0
0.20645923841100278,0.2996162642869099,0
0.6552413611851786,0.7483600575765084,1
0.061897319979153376,0.03438513429223078,0
0.5933993710506096,0.3620267112416957,0
0.17982992133575948,0.03568170438531881,0
0.584297662628807,0.3954499127019824,0
0.6744789335807342,0.1993987753784584,0
0.388353619946334,0.3182672376319289,0
0.1508195558688591,0.5684083343868642,1
0.8636158943836061,0.1923045590650987,0
0.4062721787609769,0.5718006603013819,1
0.08425595831985433,0.9173828817382186,1
0.5171414090664739,0.9812768620336073,1
0.31347438724147114,0.298876603247889,0
0.32979040764647827,0.8287398217100725,1
0.9711519997063992,0.2718820322664923,0
0.32862338824902204,0.40834189684793665,0
0.04844266220703353,0.13647309643009087,0
0.2895181956681322,0.5432598787439008,1
0.5081996932702314,0.8573315919164304,1
0.6732504687525472,0.8381576845159078,1
0.9495140349120909,0.3898152201612284,0
0.42433224696458205,0.9174259721672314,1
0.8789925346894489,0.6529323372928588,1
0.4000950431485002,0.836668286349517,1
0.2833614374224126,0.8293035721330139,1
0.8183365204926563,0.8116905547628201,1
0.5316486124489617,0.34761217238287323,0
0.10115214014559903,0.5837670590252931,1
0.6046235020283657,0.4412797804408526,0
0.3599734596475975,0.7564624040786114,1
0.1335375317010178,0.052384351736775914,0
0.48987013293366555,0.5874687730211215,1
0.9918734442811755,0.533347927107101,1
0.5375527986120263,0.031166769719212728,0
0.5170057105334941,0.617261164699837,1
0.76483843253619,0.28637208523753577,0
0.7390293716522925,0.4953395135389975,1
0.4531305769174502,0.6836344919928249,1
0.44702667794977724,0.5445424723530151,1
0.8494786657038182,0.6452231601148917,1
0.39511785291871104,0.3786966340892265,0
0.392741925714828,0.31676272287892804,0
0.4136252125921678,0.7726753112162454,1
0.015508385475544784,0.3474689109216771,0
0.982885466678555,0.40034112118426046,0
0.5806755518016439,0.7811424839558029,1
0.38290468553454193,0.03247422133606637,0
0.8082919842707424,0.20261374530691167,0
0.8317677345605887,0.20082852551220998,0
0.8243431791782826,0.47665308433751685,1
0.6643656567692994,0.6623689395267248,1
0.5067414039247282,0.5658750114823147,1
0.25683971782250525,0.417487775208895,0
0.28971139279432734,0.0933849041763275,0
0.33975561796453413,0.2175625384759855,0
0.8718828330718672,0.16462400832566282,0
0.9077798637094248,0.2285715593785692,0
0.6471922478631652,0.20831067572106832,0
0.14610232475513896,0.23435229542431224,0
0.09197966953448133,0.6437773772908036,1
0.8782526047726079,0.05799924853636795,0
0.5084528600177375,0.9155494999766274,1
0.2757678088179223,0.9912431993446172,1
0.2487104528879751,0.6590265906177438,1
0.6660928836383053,0.9093029198005682,1
0.019744546789302597,0.599146552928674,1
0.7833839946455327,0.7132409216600308,1
0.02361725789300062,0.4902207111081619,0
0.06331648449200566,0.8850455166452601,1
0.7979692209284798,0.28583209300730394,0
0.2656571473617527,0.8769296877393703,1
0.01766689966036583,0.2727155475588837,0
0.11166589439203223,0.5234834935219934,0
0.29386719908442205,0.45117768994903407,0
0.849168008998673,0.14935506385639896,0
0.3300456102113922,0.20314639781568888,0
0.6314937989987831,0.08995563732133882,0
0.14821818095491013,0.2853664086660517,0
0.5307199310134093,0.713039887859096,1
0.19020468226814102,0.7540935946159324,1
0.05820173969857889,0.8298181027267744,1
0.8833129760746344,0.1201860623628046,0
0.8630661155874693,0.15759167951685815,0
0.8953149999063604,0.3520737549524927,0
0.8978612066233952,0.694754249851876,1
0.49565102330931443,0.5745867286681429,1
0.6601789800081493,0.5061131824177065,1
0.8745539036507934,0.5601822983949218,1
0.07108661466332244,0.6261170019011412,1
0.8056818232175624,0.0015517666248707762,0
0.3860755233213027,0.9296513233633069,1
0.2778181970857402,0.80652428746564,1
0.923299481934152,0.5322135718470367,1
0.3850008139848906,0.9928736895830459,1
0.4576756797530377,0.5075474039849804,1
0.251200251072618,0.22431662941832176,0
0.4053554600462319,0.4223729880135232,0
0.3584637978628995,0.29750734070005225,0
0.34633411935916536,0.18827603385030034,0
0.789649753494633,0.0003274479666210972,0
0.8324964444328453,0.47877880197849565,1
0.2356336854687786,0.8005857901621236,1
0.9569420082818966,0.7043647087114825,1
0.16442510729976378,0.5065870128601557,0
0.08919546011522173,0.45620892009598646,0
0.35103500618344685,0.6257827542831714,1
0.2198457405083306,0.8797012101573222,1
0.872439235761593,0.018738942679669468,0
0.5315206207463793,0.9930063819188798,1
0.4310260658394969,0.11261648474097141,0
0.6697115263104929,0.1261376994436051,0
0.5259115129754779,0.8005342443226231,1
0.42245309995328906,0.34749531833774416,0
0.6451909924332752,0.4800199810110449,0
0.4866255136904196,0.615101260407046,1
0.07338744977028655,0.8724156955623921,1
0.3417594625425101,0.6641147022146904,1
0.3814811243873344,0.1002888254102009,0
0.2394304070947566,0.8210342134314268,1
0.44789948199694096,0.6881083381802275,1
0.9060745899591021,0.8770673751508562,1
0.3254463540327204,0.8226432159009003,1
0.3974302587602987,0.3984249462259919,0
0.45746189011413463,0.9210654502183231,1
0.8875272973450306,0.3367587219141328,0
0.6790231155933799,0.1441251554793438,0
0.9589308875473015,0.8642991170759771,1
0.31684269074006655,0.9404057886525248,1
0.17301740881281957,0.19227125015005675,0
0.9309007864473348,0.9647726378997442,1
0.0577140873902785,0.42643881209241263,0
0.7979173655066476,0.45612572286631836,0
0.08486419232874587,0.1261660498283429,0
0.016091500938224756,0.190728931869509,0
0.5130318319632496,0.6279580103598356,1
0.7852879260783563,0.8265994760862603,1
0.28190639824735164,0.76271710260474,1
0.617162402411081,0.40819310506823314,0
0.9387094849968786,0.51797106649478,1
0.7097389370249868,0.2351088749443857,0
0.9353573901253521,0.32413019012982625,0
0.3854476902231351,0.7404110216919029,1
0.5563980764064062,0.22042457335728904,0
0.804917403431538,0.43550444750715667,0
0.6599442370954128,0.982022879574155,1
0.01915584850073182,0.9897846713588152,1
0.7615728947413191,0.43934674215875347,0
0.5227423390875005,0.3411041742225098,0
0.38676384923185136,0.0756117204467529,0
0.004339660982236038,0.0891276513833904,0
0.6055693089738592,0.5585017710188025,1
0.8039435140352306,0.6361588820068753,1
0.3059746135303628,0.6867798525497066,1
0.7983604069619921,0.9928924607338877,1
0.4153908818399311,0.1921132280523168,0
0.48046816049066665,0.3010211874743336,0
0.7782923496456026,0.2641192705151407,0
0.6704511036746168,0.7748867881414067,1
0.6889744715046072,0.5547463204108916,1
0.61423357961152,0.4551467026138897,0
0.22240465901350925,0.5168239652546015,0
0.904910622739319,0.6289585598903905,1
0.5011036948993659,0.7296451987348768,1
0.13761742001240174,0.18972715300939658,0
0.3125398325627229,0.25950924945455534,0
0.8463898755007044,0.5642862888780817,1
0.5307205347893255,0.7047661806910175,1
0.8415589764475854,0.14861990503378997,0
0.3009977158243242,0.12199701335627366,0
0.2502416418974638,0.18813989991881197,0
0.10729930329755222,0.9079472270065547,1
0.29555977048220994,0.029863949400135814,0
0.23677273160877332,0.9083227985928373,1
0.22160068505425334,0.7122135174125688,1
0.31106117872808137,0.4471126142003303,0
0.13567538168909943,0.3777002839793414,0
0.2925540464969757,0.23626073296631955,0
0.009510005782454756,0.9950675258649394,1
0.4819156369547033,0.6354475829973646,1
0.26526402044461894,0.7727598604473013,1
0.262240880851368,0.4039129603748076,0
0.6684934596430907,0.6187794923376249,1
0.646243859641797,0.5246379834950042,1
0.6157090844348592,0.8907871448861192,1
0.1723886147099647,0.7311694488299342,1
0.6404714018210664,0.9520710907241027,1
0.007560059700230104,0.19252136052308488,0
0.29686540171685427,0.4699785992969342,0
0.39661180883064695,0.8320110155826956,1
0.6311181563080525,0.6282034030617697,1
0.23195036017285298,0.2490955959236859,0
0.43706231140043417,0.9834581875718346,1
0.018509748069138743,0.7431489323746077,1
0.6697801172664183,0.20429491205645478,0
0.26533677017607393,0.3793871582317879,0
0.4099960354366766,0.8200949794544675,1
0.2209738796028341,0.4194222061025369,0
0.9859442625377165,0.9834716361858123,1
0.3437634360291544,0.000403491675928791,0
0.6682517774644495,0.05336756823131328,0
0.3648695101956868,0.7347953229427848,1
0.37710193358751076,0.016558882707224942,0
0.8754057299242969,0.6021046069974559,1
0.662126806226898,0.17599236322212897,0
0.8268068529326644,0.13495645798392042,0
0.7544601197140337,0.8298504097188392,1
0.8793015746122828,0.06956300784057212,0
0.9209235496958448,0.683577398481126,1
0.14183931174039122,0.9267592320872406,1
0.827501267128385,0.20022040904780125,0
0.59111990797862,0.7468851120285988,1
0.29866014182468037,0.9271906872975254,1
0.02061987409833821,0.8192665357227659,1
0.4716217408034763,0.6731381451184509,1
0.2418670995678338,0.31525516938442777,0
0.7562811793643811,0.16710218576891578,0
0.9923707244966964,0.8897957482537118,1
0.19687568975650394,0.6261857700427422,1
0.7937503922114784,0.032286326829206846,0
0.6045332078957537,0.32401694554308524,0
0.7429253387870025,0.04106147555928097,0
0.3321531642421719,0.44003277992726764,0
0.8478279190380047,0.4138572001986286,0
0.34748364939995113,0.8387568503780247,1
0.5161864927148071,0.5373460233568268,1
0.33047771743107623,0.5487698837584992,1
0.3113516425893096,0.3142735820245913,0
0.12529689711542313,0.445258613497478,0
0.963337615453616,0.8340665205178275,1
0.3761478557112149,0.5737169952991866,1
0.6805169223709846,0.05379877006313194,0
0.9863206214351053,0.28168716112821246,0
0.6030705356834428,0.2805503856800512,0
0.5981848945562744,0.4350810963627565,0
0.44809588265858447,0.94034906329906,1
0.9048489200553135,0.7030095759768334,1
0.21882638310981906,0.8800750438157066,1
0.21381765237609185,0.7521865859096647,1
0.5377793116942899,0.9248437897868413,1
0.10691970670159912,0.19398239393297123,0
0.42152051679465596,0.450652394355487,0
0.41800778655005255,0.24545944387094953,0
0.4670791176888375,0.12645383994742643,0
0.3966858186458755,0.2503832076248613,0
0.7278915436152305,0.296047665070168,0
0.6787456276592513,0.5819941516674517,1
0.7013594120086238,0.4363395619202528,0
0.4686069262740653,0.9973957128204607,1
0.4525990710484563,0.6216870134678653,1
0.6305025286921572,0.967957953815223,1
0.15789887951802195,0.11911724125232537,0
0.052511732654456855,0.8026762711567929,1
0.1826860262445814,0.1197709956072307,0
0.7977296920193089,0.16075717104193576,0
0.30061556717426907,0.004441336489026226,0
0.6375567270306244,0.799940549585528,1
0.824045090567552,0.8078944748320892,1
0.7479349414211969,0.17217815189698438,0
0.2365302452217487,0.5263402341195842,1
0.5799762030899963,0.16742459755651673,0
0.7875601373687214,0.44035630699835604,0
0.4014932739725058,0.42949940035800327,0
0.837869277783047,0.909402257289262,1
0.24529685166620252,0.046179148065066955,0
0.28007407983753696,0.7034357263051328,1
0.4213918679784051,0.5848222077642161,1
0.6234191506481589,0.03797667985931663,0
0.6643257703649421,0.08911262387156804,0
0.2521077748258095,0.7514993712627748,1
0.37735119475750334,0.753352435890085,1
0.9848125094837089,0.5864798145172387,1
0.09886816964983158,0.9020285706828522,1
0.9208057069646074,0.15514820071112234,0
0.5777867373661956,0.511414484229221,1
0.6123242756170831,0.04100885159203216,0
0.4895920476275124,0.827335587650622,1
0.35002222316074116,0.05655893482994634,0
0.7471362331501242,0.6882934930111061,1
0.747828847696031,0.09779161451056861,0
0.8013867377660758,0.7721701705410956,1
0.7627133459012042,0.9477878903665281,1
0.26781129965250217,0.6390546326679162,1
0.38973824231903864,0.6855222631841333,1
0.423957168066997,0.6448997884282479,1
0.9194523238816047,0.7506736293680173,1
0.5636340136912907,0.4585926642492445,0
0.05674087486653623,0.040765716644530436,0
0.7619397285791972,0.028396514200474843,0
0.3739932068480142,0.27219551263009445,0
0.036360806731062234,0.08806634038048156,0
0.49235318067686873,0.9387585970455048,1
0.5548261354229982,0.7970210153928713,1
0.41360819537561677,0.12989064359225744,0
0.9654306292819015,0.29215061285036903,0
0.6324995782039394,0.5393246219968446,1
0.8971601339415823,0.15689357908648682,0
0.9473432246276698,0.8141335567587059,1
0.38887595667258545,0.8689468164800186,1
0.6056013305988807,0.804738061312936,1
0.7105767668902007,0.7151682109438239,1
0.9845133773897224,0.40650563723037914,0
0.5110273928741753,0.5547577468063414,1
0.4371041993955985,0.021899906116577772,0
0.48329316387824384,0.011723810690142167,0
0.5996692253097655,0.5374528126849513,1
0.8291375407982516,0.2741704915356056,0
0.37381451395079146,0.0817014525781814,0
0.1966998749212855,0.8419763666217285,1
0.2896307395314659,0.9561782649054223,1
0.7330150934194791,0.4231248544763244,0
0.22845751294597894,0.754243794666803,1
0.796264688401658,0.49035526706625154,1
0.5115812164348732,0.25463517458118556,0
0.8091382720720165,0.086005968679022,0
0.4184913959355637,0.5831457323841251,1
0.45479726286670974,0.4342966088676389,0
0.19521876739004385,0.27879683254667176,0
0.46764617481806925,0.6834898517228859,1
0.9389010549790855,0.003933758787279751,0
0.430138966001556,0.13645131130612376,0
0.4644538359758428,0.9870243095414422,1
0.09544797690544793,0.966265757105598,1
0.3100625952050954,0.8257416562775376,1
0.6043524251298502,0.8336746854263726,1
0.8845852398159483,0.057434266454106875,0
0.5449129354855172,0.6768406679130593,1
0.02943389911452865,0.21285007009472445,0
0.24901743135724874,0.47255569629011074,0
0.024594043329053017,0.4308428284755157,0
0.18052073319622175,0.524230373351613,0
0.8640892061489017,0.26459134220700387,0
0.8800158455737938,0.24593882854936922,0
0.6127051552877588,0.22614831970186167,0
0.603584242771809,0.28829471112801663,0
0.13650640908082368,0.6644806554463607,1
0.9163859703860997,0.8250498553392894,1
0.8478828499191452,0.5457287662980571,1
0.8397500835695536,0.49124003905514924,1
0.1325957151294641,0.3667460359657223,0
0.1671420824616351,0.5325919113796068,1
0.7763571468539179,0.6056040616021465,1
0.9547363713066644,0.3152293237417726,0
0.2076175372688026,0.11858292219207123,0
0.7471514855390744,0.17451139983294683,0
0.7915371012123505,0.7166122638873396,1
0.5437631024461461,0.0017685792689972057,0
0.2231528003247769,0.46052358434356977,0
0.04388611031359291,0.8176769617683645,1
0.03175428684201376,0.24464540497889253,0
0.8143985050744269,0.5467982200441921,1
0.5113067071431765,0.8025021348187137,1
0.9669546153698417,0.26355710683148803,0
0.08592722071895775,0.07009788228434699,0
0.5162939522184725,0.8626871957163954,1
0.9927377342752783,0.5482862227102169,1
0.9811149921070383,0.3448659786874383,0
0.17077641342301286,0.44231487020166893,0
0.35129499567076405,0.856677080702183,1
0.11258031795330581,0.2819515730457445,0
0.8084741758362389,0.8246053156609402,1
0.5910291233990786,0.35438678463415774,0
0.000886187582963327,0.9993885427387544,1
0.42213318103633846,0.47427880739544925,0
0.24820009162523637,0.7752369459551518,1
0.0595236211647967,0.706329399045332,1
0.23039662232599822,0.7292221654764891,1
0.6034659406833619,0.7544818565805248,1
0.8076148192356557,0.0025088173689784554,0
0.024581149957991655,0.9913887917408243,1
0.12296245710665121,0.8195654763528379,1
0.2857117490135018,0.8497346878474585,1
0.10798038710196978,0.22350273469966497,0
0.8743977136696257,0.5658138438313505,1
0.47784620663412625,0.8919570410232492,1
0.7921349960305999,0.07650498049032128,0
0.9001446896903551,0.8236700557522201,1
0.16642838877437405,0.6678095540013722,1
0.42678503201896256,0.3416238353546509,0
0.3376372589933734,0.5883680653103048,1
0.7067816890079968,0.3817905515952281,0
0.3514037009510239,0.2671903471759344,0
0.5913564803521213,0.8828069822201654,1
0.10582275092238913,0.35610485330869857,0
0.9394174416341355,0.03325822343559626,0
0.7859637672472777,0.9508092283378106,1
0.9987003051404448,0.5818150812926907,1
0.08118278008685698,0.21376281365516003,0
0.6498077403866,0.2840828899565149,0
0.9082059945071059,0.9115876381393337,1
0.6242799406797442,0.1457340163451788,0
0.20099663175717275,0.7439734876939914,1
0.25240846640468273,0.9372052117989786,1
0.010613318473870148,0.3688091053725284,0
0.46337687855523024,0.1491279613693708,0
0.689346208003084,0.34327966599335846,0
0.12679618854986374,0.8634239393068557,1
0.9691239111906669,0.11405539937664744,0
0.4739177653215415,0.208686559094583,0
0.8381739032141999,0.6194942502631016,1
0.2876414205099459,0.9908294078984047,1
0.4399024770361396,0.16649386593188398,0
0.22954246164797476,0.9882273138960312,1
0.20324946769206997,0.19101162137985828,0
0.20257608119359682,0.23520662393372216,0
0.8347444795591789,0.5168822147385205,1
0.6565058331163751,0.18597386566066076,0
0.12482911430786081,0.5085047245835648,0
0.11583370054954512,0.6426985114416158,1
0.6066822734699983,0.017713621932225476,0
0.8487679115289275,0.3075124631313668,0
0.01050295830511716,0.7606193381584618,1
0.7546638104990838,0.7716540708969913,1
0.7130529415118702,0.621340367401192,1
0.8048997998688351,0.17258222663903355,0
0.09318526191855125,0.44867781984255684,0
0.11498607940299321,0.24282427493482928,0
0.6785774598326069,0.8624743658345924,1
0.4371084515091629,0.7385429327292936,1
0.9480109642339785,0.8045183197457298,1
0.18707526772368577,0.22548196657996722,0
0.7058880222019497,0.5471000702371664,1
0.6029183987072029,0.22969153917604346,0
0.1596317033109863,0.09656971449052365,0
0.8949721988584106,0.14482271120074797,0
0.2465822484244421,0.9121337017922148,1
0.1386814058474436,0.6119659374187455,1
0.604137273314017,0.31482015773423355,0
0.7025141654630691,0.3439249126976729,0
0.43646953096531393,0.4408444543968424,0
0.09574863191909166,0.6662558450432887,1
0.39017021329617074,0.2676191607933377,0
0.3783345599232275,0.733153033645762,1
0.06753110253518968,0.21708111752927162,0
0.8613155847331463,0.23898482614110683,0
0.3318135834251651,0.614896118173401,1
0.9030234320066268,0.8733651658043001,1
0.7868102124927072,0.7422046069397126,1
0.6362723552709,0.4894094339040769,1
0.15606972424524568,0.711090414552952,1
0.4626371574634689,0.18776298645278944,0
0.49093565445766785,0.8855345883031918,1
0.6846549195322584,0.4718221798414206,0
0.7394725934934863,0.8309543827485791,1
0.2775429243730293,0.6887522601236914,1
0.8456455539097055,0.7377175182780222,1
0.051286595663572854,0.9989699754829868,1
0.715643281973837,0.137135671170164,0
0.06716690360611688,0.7710184967420293,1
0.23974976608591003,0.8729564934025358,1
0.0477945188682829,0.1956529827075918,0
0.11676364815454388,0.2811609017466501,0
0.5437791617316472,0.03606564562422521,0
0.599318972297065,0.8808268575829148,1
0.40839677567406707,0.9866335911438149,1
0.4954434038840738,0.11897919028540338,0
0.5881686591327324,0.4117599613783607,0
0.2008057763269936,0.9767423755368263,1
0.06369072628097572,0.18991432646913475,0
0.3649865013261241,0.12534424552524037,0
0.41914295951313985,0.5104348138801026,1
0.2082107547082489,0.7500008672727572,1
0.12926138207081028,0.07500335499020838,0
0.5446087063934285,0.8871349340736624,1
0.41985228989544665,0.05810982300075629,0
0.8120185251841673,0.11203545441634255,0
0.9435147795003551,0.6203062575612651,1
0.7746140564510364,0.6822407114203586,1
0.17691629215072713,0.09797609383062189,0
0.505617986817659,0.7376010807219403,1
0.5297013091311211,0.13751382190339034,0
0.6977033854687082,0.6355816960129769,1
0.22146185787447825,0.6374533110485855,1
0.05949572053263519,0.8898714941836383,1
0.15916079612496825,0.31708922672664164,0
0.836961821827929,0.662523428486479,1
0.8835862271030159,0.4441765008118155,0
0.760611581562355,0.6311086260191517,1
0.3715830785139307,0.9383090574575401,1
0.6826210221164328,0.4809128553565809,0
0.21567578172226287,0.5465835525753603,1
0.15988407980246555,0.21189038054716558,0
0.6660910071575156,0.4060867540484835,0
0.06272491580260542,0.7933899446702939,1
0.8710860030551275,0.4661583020831518,0
0.9639720762949358,0.6836043734034356,1
0.16613966051947437,0.443899324286811,0
0.512324024493216,0.49038613414931387,0
0.5695498066768988,0.12342052382794433,0
0.3429288337082862,0.9126933463065484,1
0.6618504047432051,0.6572491275844738,1
0.46615342321615405,0.2669832530558244,0
0.9661134504000723,0.8970532295894359,1
0.8694046512515723,0.368272960292253,0
0.9503118401051057,0.41304594472481193,0
0.9126146901698565,0.21871189529024915,0
0.09858222386717552,0.7549362527438096,1
0.9678785199252932,0.9913950870356427,1
0.0755281757489007,0.5270290339214851,0
0.41433070408654726,0.7028391548405718,1
0.23645491779124606,0.3888289131160244,0
0.02166016469429033,0.8010913543337499,1
0.4134320742001095,0.327904991594834,0
0.9584253162319931,0.9436362865111434,1
0.66578227881078,0.938857257154504,1
0.9516988688934578,0.9399211568423286,1
0.05621614755549997,0.402194944328538,0
0.1080320017166958,0.42590014828018985,0
0.6701739838478515,0.9506715759857264,1
0.31356474350767627,0.2689559173330367,0
0.876648090061028,0.3238637035379405,0
0.857449675764674,0.06671407330484525,0
0.7433553443889372,0.9448773253582717,1
0.8130514054508429,0.5057138260540731,1
0.6461356125759276,0.8609808592735021,1
0.082169011599045,0.32187485918473824,0
0.8409159265913718,0.12779224989767646,0
0.6680166657879911,0.9023181854414374,1
0.9719692378964789,0.015481918705511744,0
0.05251918791505161,0.5651780672332505,1
0.1893797561873234,0.1173265028686622,0
0.03904125219340593,0.3800115620935781,0
0.3331516498332766,0.31521825286990657,0
0.5119224124273288,0.09864870120869218,0
0.4234974373992172,0.6079605703786041,1
0.034701568961445495,0.2169591326821465,0
0.6640743501709867,0.3049364494358966,0
0.11179618483924525,0.8690728890384123,1
0.42660048939497996,0.6316077289115962,1
0.4777899312923294,0.5340829195818343,1
0.5381820195457612,0.45169980270669996,0
0.7456489706702392,0.7455338421827721,1
0.8437653425980022,0.27729139889642596,0
0.17407153051647772,0.8271061886420319,1
0.09822941020262932,0.6998524348894334,1
0.04290534187348127,0.7183136669903951,1
0.5401885542686519,0.727408367587391,1
0.6508987588519705,0.924262340211762,1
0.7307688103865344,0.7627530928915531,1
0.8272061215492207,0.3190310548674412,0
0.5988383023706436,0.8711954249881027,1
0.13872231918172206,0.7160805340405211,1
0.4609057428602179,0.9078565034210608,1
0.63138540476027,0.18412530364537671,0
0.718578863837567,0.33165852964752307,0
0.7478985693710456,0.7527087891640701,1
0.10076645556361918,0.4570944546962723,0
0.830283233991362,0.17576583762336961,0
0.19752124054824816,0.16058747861072575,0
0.11743008082504114,0.8665311617107893,1
0.4687920516083236,0.47696834530028365,0
0.6787187195453617,0.3840969593668133,0
0.9077745652528011,0.107600203250936,0
0.9157617041258792,0.8250878603949411,1
0.7160244814093318,0.3610673772622449,0
0.5719297735187987,0.8136687213068715,1
0.21040633670515796,0.9519497798902117,1
0.32495058236758045,0.7616732770666169,1
0.650000560894369,0.5068432052284443,1
0.914709540392396,0.3545910009342069,0
0.2562010014843332,0.9393042168885986,1
0.8354810446339944,0.8209541958082863,1
0.5241847546812133,0.1631553442280116,0
0.24906361293468937,0.7755092644405462,1
0.4077759730792324,0.7409094077332378,1
0.37496886657381556,0.9527684634414497,1
0.462366929328881,0.9615625203788954,1
0.29898150049461947,0.955430357649495,1
0.1632268781787225,0.7563110257278691,1
0.9322173645213336,0.7256988170373524,1
0.0442300315228108,0.6559886560030697,1
0.06540080743983112,0.2162502722295091,0
0.6596282091398247,0.7271605616211477,1
0.6495626716656774,0.7960637561357056,1
0.9281516812555054,0.4146294621187949,0
0.3184555739811933,0.2802269557639777,0
0.7939658352453707,0.2143892292867784,0
0.8209090326390358,0.5212658291298464,1
0.057526660159587406,0.18428261676567403,0
0.9979752576764273,0.7097616297370972,1
0.4581874360202509,0.7126027358968895,1
0.7146567481377663,0.810963494143346,1
0.7942414469439325,0.19077205698884392,0
0.7675203174950416,0.9410932836690455,1
0.78673948536212,0.7832122089218203,1
0.10434242637618285,0.45100432159116555,0
0.46269295502951224,0.6430488744347657,1
0.511210688139617,0.0059649093368294714,0
0.1503973964779738,0.1452229560429139,0
0.6576863800337998,0.855251613765703,1
0.16765994978339693,0.4088524899310897,0
0.7605326276860367,0.8846398576109602,1
0.047598617767891094,0.05790199548599062,0
0.7268265488795312,0.2010387827140261,0
0.3358292056005757,0.28933996307624577,0
0.5550340101937183,0.44402191072018604,0
0.643935047672047,0.8027212436557998,1
0.9426394258475496,0.48158715861278045,1
0.8947538666374726,0.6199913673497149,1
0.2619017174435161,0.42717248623129866,0
0.08588642662144264,0.9754305705189217,1
0.5703486596453087,0.9298238363519846,1
0.30130783230282343,0.13646605008726986,0
0.22154300074026212,0.7964999780060416,1
0.3262982889553381,0.020293219260560158,0
0.5091531615671945,0.6531401698585557,1
0.5197274023698439,0.5451097070092144,1
0.9733439493248537,0.5962577643675258,1
0.011177781851022695,0.5026336774730926,0
0.12767271207149655,0.6714622478652035,1
0.45038379815349494,0.7348475531947409,1
0.4700232554407878,0.9163279413221267,1
0.02063717115920294,0.4173573573892786,0
0.2028483226719232,0.15242938472967138,0
0.8283252452582331,0.15523727182478575,0
0.876141696315692,0.4753389806139967,1
0.59875594808246,0.8088815879488784,1
0.20870979529426348,0.8860954148828426,1
0.002901180567731032,0.9042067511186124,1
0.6775068561343932,0.1899978083448277,0
0.7275477613702115,0.6242810930562511,1
0.30173972161427165,0.6747975287579306,1
0.6875156300167847,0.08075304670348704,0
0.8054958497685708,0.7199418461441959,1
0.012249472283653695,0.41968644469915595,0
0.8972938305468204,0.8866314950851271,1
0.18315168736009257,0.5538305921936416,1
0.5102496723966441,0.44851430987560503,0
0.4048867436808572,0.08566267015275764,0
0.8777601452978847,0.7600909889655559,1
0.29104751065469847,0.4535817279247618,0
0.38159895504580643,0.47065199097608956,0
0.06707914324723263,0.6017089268072606,1
0.7357384410001546,0.5287711483484414,1
0.7247642312814204,0.5586205353578829,1
0.35654568542269016,0.39719648487358705,0
0.6204154345192848,0.9165809515810409,1
0.442274086265113,0.8958632953355427,1
0.9466128470501088,0.9222789645948047,1
0.8052381137903875,0.7676407958805973,1
0.09513636243148682,0.5956698651563808,1
0.29956471581500543,0.4960988942337321,0
0.12051299925634451,0.1616430431166811,0
0.08303697918902975,0.5568602350138313,1
0.4307066529047684,0.28069665558410994,0
0.14201091479840433,0.35435685287110197,0
0.569193589559765,0.16640423122667536,0
0.568612857549722,0.7463009074234604,1
0.5126958703754821,0.3724447163690644,0
0.005531033509183381,0.2688168746362397,0
0.6934645270597644,0.7361910508424891,1
0.8845944745648534,0.001464164402401824,0
0.36641118702543074,0.1573544874713857,0
0.896052368097629,0.014841664280781486,0
0.9474989513483065,0.9964058521811368,1
0.5516678207284534,0.6126480360765792,1
0.29139191524206975,0.8702360379264207,1
0.9318986090367608,0.011751384775084972,0
0.7479998803558273,0.8851189356915647,1
0.7002024638207165,0.7044008277564147,1
0.5918391626827629,0.2901262270339299,0
0.38250811528327466,0.5044699367175528,0
0.6300717976679627,0.7862659158714782,1
0.6409445033310465,0.17687746423800155,0
0.8412248472009087,0.49296216730524833,1
0.7215839147580553,0.26742426246917006,0
0.15273649697922875,0.0810084038413168,0
0.5970979180478622,0.4991364166323523,1
0.9229081100188634,0.9137563249602637,1
0.14731521471360276,0.07154913975051291,0
0.048961260425772646,0.7518600922064501,1
0.9301521028610571,0.6118806908735229,1
0.017996810813247888,0.4582762145245082,0
0.12650101744845854,0.6467416834174242,1
0.23987381739682545,0.9476922711080705,1
0.6467717358894268,0.2512092035030795,0
0.659268320236646,0.7458035051682391,1
0.2647546897836023,0.8285099119262069,1
0.533433401672755,0.33221094851532196,0
0.7223796547993623,0.9167813964677614,1
0.9587886811735546,0.6990507129427957,1
0.6297169225438568,0.7653000407907407,1
0.97702191847642,0.26321738425239527,0
0.14227339318291787,0.5319190304697899,1
0.12186947308623353,0.434732652629525,0
0.5928232625708105,0.6152279234675543,1
0.7797923866495612,0.4451907285991653,0
0.23292244862430234,0.251421520572201,0
0.7471392467107095,0.9001442876393224,1
0.4953862633623861,0.006060497451998659,0
0.9997335791502111,0.9145539593008243,1
0.4513092031177697,0.5651550933858751,1
0.7648293071874942,0.9383759682599242,1
0.7619304891569684,0.26825156161575614,0
0.31932827168392985,0.1977907706234917,0
0.653413971141044,0.12580221622591714,0
0.014098265980086677,0.8733818124929733,1
0.8164710063738913,0.25021587245775967,0
0.7787330295266767,0.5203347127714061,1
0.9196800543358793,0.08333905806544284,0
0.5668860252619298,0.06356420290193665,0
0.2916195416737133,0.6599776051736778,1
0.6211847677156204,0.13149307878426186,0
0.09558371879407601,0.7589175793879099,1
0.37929893422330263,0.09804304135234831,0
0.45859878148196276,0.06304112924205252,0
0.5847019502529713,0.725046850357157,1
0.010567130248024359,0.9129923514103283,1
0.6179633884047392,0.747021607912031,1
0.4765378474079236,0.9931861462172338,1
0.8750300421943128,0.46003396711816835,0
0.039824607459242434,0.5541286120992351,1
0.778786847043582,0.166210616763374,0
0.37972403302137114,0.8000533327629766,1
0.5235483346542197,0.5840354573710761,1
0.930552711005542,0.18701948719360872,0
0.6872719252870811,0.31659813978459994,0
0.3083940265273879,0.7839986932001589,1
0.7143899330387945,0.925483132519985,1
0.5867318899317652,0.19742055692106297,0
0.17032893112030478,0.4394095827828012,0
0.06943889243531809,0.19598600871665106,0
0.3281198286038468,0.4516392389695134,0
0.33145512814087874,0.899195816831778,1
0.5387206652076897,0.411571036544761,0
0.7669773675944117,0.6480520724254043,1
0.9975569013035218,0.5229020985695682,1
0.17031567939976122,0.04254843038468192,0
0.12033620353919916,0.40616459143077943,0
0.7253123410456446,0.3232982358658141,0
0.14056075907209142,0.3578430262184634,0
0.08958841411024299,0.2831048462422141,0
0.12421994481331822,0.7515491298104294,1
0.7337853397388274,0.5744419623833769,1
0.6335365644614238,0.11550839317339301,0
0.08822802171780653,0.7276331565091125,1
0.3450942424739031,0.813428178530472,1
0.4749814900450271,0.647265378091352,1
0.18809165205491152,0.5615975089118701,1
0.6304151664827914,0.874200587844822,1
0.5552559204871443,0.709154314832619,1
0.9427607320694398,0.7922184121859103,1
0.38449958045747024,0.7445940126718663,1
0.9231956658317431,0.6370471604353601,1
0.28319699916051966,0.8843900824840322,1
0.66200606226877,0.21780986369974353,0
0.6019157428407484,0.5287920258074329,1
0.7731601284121234,0.2989488104651036,0
0.08114693145276886,0.8406407661633243,1
0.34452434960055134,0.25253662711984415,0
0.3297014963811059,0.341137843359857,0
0.31881936870526184,0.42839641523017025,0
0.45799172852255376,0.01079087838532411,0
0.8008070647478747,0.15039083593444202,0
0.6226973207612302,0.8750079410651324,1
0.9416054308347089,0.6175025012999616,1
0.7071749466169397,0.3033061958362485,0
0.9912133465949711,0.23024141466459436,0
0.37098734902929176,0.3815643522775798,0
0.6442113466023703,0.5648001452795515,1
0.3741061480309903,0.6085675834854036,1
0.3209975446302341,0.8629566596968697,1
0.49592350961108156,0.10367106691548689,0
0.8338130167999432,0.6190062518752649,1
0.23249856716920336,0.2911121763288296,0
0.3423809689768006,0.04804081893130285,0
0.7571025038097623,0.46408131695196897,0
0.6169248365393998,0.4896869361353726,1
0.5226387841988437,0.41353354937071185,0
0.8822167893290308,0.15284722720822475,0
0.9713512955405719,0.6782913905237452,1
0.8250334200867812,0.16681142475033928,0
0.5220162204243418,0.39017708578107646,0
0.9994067899609285,0.8369514308743483,1
0.2361542200315908,0.9256930454982795,1
0.7374546201960679,0.3586745874410763,0
0.7829208645895226,0.4413401020990768,0
0.8500454642392031,0.7618575253165619,1
0.8685409017391608,0.2080160145458253,0
0.05481521384542409,0.5024895744577563,0
0.7087612229666179,0.06307410104944688,0
0.028207732832961296,0.6422419216298967,1
0.4369749237873738,0.6002539376861927,1
0.6117407007625296,0.228557044093752,0
0.008303729318373865,0.8911085339317585,1
0.6902026165157489,0.22274530993787955,0
0.16354299350327572,0.3174209793505265,0
0.5167071493845541,0.8371647528776314,1
0.2650497419748108,0.5909813440656642,1
0.017213079267080378,0.9171118059256654,1
0.12528613811041156,0.16398165258592645,0
0.241862008557591,0.15010458075226052,0
0.9467771615697296,0.806369641791885,1
0.15771876654523143,0.19567545614733017,0
0.25274654971426636,0.036203773372093906,0
0.7198409545390755,0.5251250570786156,1
0.6146107038193587,0.6482364933117752,1
0.7058978555754934,0.48943562669707463,1
0.7495196543304856,0.10725941569735409,0
0.320833367969509,0.6002493164507914,1
0.33397312800088896,0.6434588463022429,1
0.3447294483963903,0.6436973972695456,1
0.6362672553436692,0.21184210340571696,0
0.9386870621566303,0.8237428228375641,1
0.4721887974174044,0.9646166807507999,1
0.6568804932258401,0.08481676121031267,0
0.6799549845655497,0.7920592060164559,1
0.21634026607880363,0.04512923460193208,0
0.5127397823481634,0.7718792029404109,1
0.3697876653767068,0.792326891432622,1
0.29515504110256907,0.06126267373345673,0
0.5899726593656333,0.20833709963086,0
0.6145495428992409,0.13722718835351555,0
0.3447188339430052,0.6586330598774183,1
0.8707137342823739,0.4888057960503023,1
0.8213813615152138,0.008610293270394087,0
0.24623896452065963,0.8876327887923869,1
0.16659247687394008,0.8545964417471129,1
0.5138738740147971,0.48572407470950385,0
0.3946403319666526,0.5340439695777599,1
0.5969899201381393,0.5269284034352514,1
0.1289621856401041,0.770057915994399,1
0.9180801774246917,0.23605880499276677,0
0.61919414978963,0.8607943004555689,1
0.012606291962558358,0.7009862938885978,1
0.7774366845285837,0.44164844750950527,0
0.6872075552585072,0.6320840973463313,1
0.6509330569257007,0.16809727596011492,0
0.1504735260973421,0.6994371660238696,1
0.8783180028058829,0.833146429397483,1
0.8769175282530116,0.19793641088282665,0
0.4281587878173123,0.24313631955270465,0
0.734979134596465,0.7394752460488716,1
0.19223642599561086,0.8416812157770241,1
0.4187220399674424,0.4881244732452923,0
0.3183639689694372,0.20350260159635047,0
0.015472882655413689,0.0074602253276701,0
0.5107718776825259,0.14424877739389041,0
0.14281377491229164,0.5551784240869737,1
0.6599867728722912,0.6426278240345296,1
0.850213073925161,0.7204948490145934,1
0.6214092972291113,0.26829309892323794,0
0.517835770609997,0.7843882885601675,1
0.9616552375223192,0.7768918883656105,1
0.3805116959886977,0.2713269398924879,0
0.32705078289959244,0.4964134032191747,0
0.255921356291395,0.8604127378134042,1
0.3863783034113403,0.37420937176368274,0
0.2752797992888305,0.6123587705133373,1
0.22770418231966172,0.765039978282612,1
0.8802522142951164,0.6334178921338923,1
0.6433952538603985,0.15766944419302165,0
0.21544301721623793,0.8952316685011045,1
0.806623007844538,0.8847549782904433,1
0.36356940210328137,0.909507218763321,1
0.6203703577555488,0.6677663635147427,1
0.4335105181351485,0.25057733811554084,0
0.1932097847071692,0.5735931731808049,1
0.5922906072808811,0.5473567084953884,1
0.5291068738412493,0.5577430538357095,1
0.34906758688222994,0.9697443891779117,1
0.5698224304399577,0.4818011389849506,0
0.8249906978311526,0.6525280276231099,1
0.8508838770520775,0.704952615658687,1
0.4509552104656025,0.028876466338367712,0
0.34867582648771656,0.38989459589073006,0
0.9930450988094962,0.3334771838495999,0
0.2628394177424802,0.0785045951521336,0
0.8896786488065092,0.12727620162173114,0
0.5725185090101498,0.2835367926185238,0
0.34860263005842596,0.18144318589889774,0
0.09980787357288168,0.4196914825985574,0
0.20748877132145904,0.7816479034597439,1
0.5512637500740376,0.19375380577061196,0
0.10008877957414464,0.15187293893941445,0
0.7286907472053115,0.028924699193006997,0
0.07028115270275948,0.14551816098035297,0
0.14458059653023558,0.5172029422637782,0
0.6228559211530381,0.8585632032338218,1
0.3971744252350081,0.6419323924970424,1
0.057975816539201586,0.2128398357139205,0
0.6292095448113245,0.9014575863906245,1
0.353981837355571,0.9224136277346694,1
0.5347313720055171,0.9178295819773896,1
0.3617973650192904,0.5977421693436981,1
0.25857816963816205,0.04978611193174398,0
0.20882634787828813,0.003866012062091695,0
0.4544800508098904,0.8725447790011643,1
0.5709721448909134,0.4104394823462929,0
0.7707418484141493,0.2627653116213957,0
0.1449403466479905,0.2717277018031201,0
0.3487020751212544,0.8254188714439545,1
0.33926828550793675,0.13827925619973358,0
0.5190691049546073,0.15712500756388081,0
0.5360445241734072,0.5170675948939264,1
0.0727651536310816,0.7545664165685135,1
0.7232372369971728,0.30484261378021316,0
0.07926403124854065,0.30263745328080227,0
0.1405078863094016,0.0735659605465212,0
0.7282600623299673,0.3473884337514922,0
0.16093197847555762,0.20167593200153722,0
0.18609553665958356,0.6609005160691758,1
0.48947499814347495,0.6213493988609863,1
0.7260966281403143,0.3362669065076208,0
0.7573153387094591,0.4987549394001146,1
0.538816674040561,0.9276565382126002,1
0.1686420373893035,0.5931269767484451,1
0.3639745065915849,0.9523589002772642,1
0.013446322948436729,0.7668092823806456,1
0.5036900666890745,0.9138794597915273,1
0.8611122466467408,0.9119400501821647,1
0.6049372704297408,0.8876734032628824,1
0.9810819088100445,0.0292443524412882,0
0.6687851191074449,0.778486973958001,1
0.6128114648033002,0.5916257381029166,1
0.499238427047877,0.9716295221136771,1
0.6589047461196333,0.648518137651901,1
0.6753375025619203,0.22641169464336042,0
0.36583492444450194,0.6484329167908741,1
0.7096723397958002,0.2381939130707581,0
0.16055809407751487,0.5059916384970935,0
0.6729307740904996,0.04749677734797353,0
0.3708752099514153,0.5026665727974398,0
0.05492891835976177,0.886936508306125,1
0.5879036512760735,0.05252112851613666,0
0.012408382596715173,0.11844339160755568,0
0.8854009339760872,0.40156632935266323,0
0.5029151567306188,0.2576632001195833,0
0.89808837655711,0.4365021256189291,0
0.716814778630588,0.5791542168007476,1
0.6767278694403313,0.5288187407986668,1
0.36089944031577814,0.8142571695448247,1
0.33609260081880377,0.45358421328917964,0
0.8828956699238241,0.7236612185019284,1
0.01879316404660636,0.993745884884378,1
0.0887554023632251,0.6530963193610689,1
0.010559809995730474,0.9819732799999431,1
0.5972938292355755,0.3505137832986862,0
0.528369356929552,0.9792223142981307,1
0.42950019032717035,0.6859433530385677,1
0.9115742184991797,0.9415854565484219,1
0.17439232474991317,0.7824518764860311,1
0.037154705493332996,0.5374126683199,0
0.5770188905157329,0.6401567642053764,1
0.9597008515977037,0.8698131396880308,1
0.845318643227378,0.6538830598716272,1
0.5100068758340444,0.5632080834664679,1
0.6686343026083845,0.3592123220292318,0
0.47671051457725333,0.4881174083611811,0
0.2823690142150781,0.6561270548685503,1
0.6861079886838543,0.967256280208689,1
0.8278549374641686,0.00019157457582286153,0
0.2171800968564882,0.9398906839642021,1
0.8804444848584637,0.09359040010754638,0
0.7955037180743304,0.5581848985818312,1
0.10943931713220378,0.5687589958470802,1
0.7418442626250842,0.8056363964131292,1
0.7921535609164677,0.5076839004689416,1
0.6582966439409307,0.39151248153521856,0
0.7692321432533218,0.4976149534576617,1
0.988147039511221,0.902803448141279,1
0.8515758518775766,0.6631485275836643,1
0.5241498558540844,0.41064333085788174,0
0.9328321081737845,0.8364663987072802,1
0.3144132732430448,0.9680296853252884,1
0.4098097974341919,0.9501716788162877,1
0.7379597173872771,0.23405565356462987,0
0.4884165371987923,0.08945225037151194,0
0.06200143749033504,0.08106782581836547,0
0.5870805823407814,0.830327215227428,1
0.7979164582350758,0.11687768361147544,0
0.9836763848708506,0.9479284850172998,1
0.08375006314702926,0.9910279793130744,1
0.17131228866962545,0.43922287168848395,0
0.9403172869493109,0.12381603769705818,0
0.6786638579222634,0.5224317875857376,1
0.45707106238077155,0.633773959033392,1
0.45667848736548955,0.9069081194128126,1
0.9506816431669204,0.2692912260267206,0
0.6181611814156048,0.7606032566626637,1
0.5708963071025736,0.4206834830551536,0
0.6346585778155346,0.6522595848883808,1
0.892532192620972,0.10460791204957687,0
0.08900349569736432,0.12763805152479024,0
0.828296100329008,0.7246780801028321,1
0.7872996843157393,0.9308982175667916,1
0.41752009528958856,0.6273442684768823,1
0.44863906362906614,0.6099980760939998,1
0.04952479923749742,0.40355957872466675,0
0.2558619035587668,0.9248923947100376,1
0.511289827415229,0.8719248812248505,1
0.620671302308129,0.3566097911612195,0
0.5043159485183165,0.932592480759827,1
0.4284029271165858,0.6271707620697636,1
0.3973590513778038,0.13957233770070687,0
0.7404805533903488,0.7369067549581302,1
0.5395208501416053,0.07114148173240775,0
0.7102575104876961,0.8153823308533278,1
0.05023959342985507,0.8802983138235869,1
0.45650825977911846,0.4591835369222622,0
0.8057560316829953,0.8657579807309558,1
0.3726358554843575,0.6586385239181333,1
0.29236457751703104,0.970871993693257,1
0.5501458755304507,0.3069727526866346,0
0.5743894406356435,0.4927824818656925,1
0.8283027539439194,0.23763979372854827,0
0.7544056988137883,0.36407058656236246,0
0.13368723650854553,0.07692282752724922,0
0.9856642297889253,0.44393454123911624,0
0.6951505729959093,0.9419946134189361,1
0.1460384837869667,0.7932088518668542,1
0.6791444861771484,0.3989979371544994,0
0.9063486169380528,0.3024294471488287,0
0.7087126298141321,0.4287860700389209,0
0.21222625787911154,0.40098857640392527,0
0.14382626775129437,0.15431739068423644,0
0.07846118633284127,0.30559537603311404,0
0.4132624253253704,0.7602415639619914,1
0.7390262327069318,0.13436625622775078,0
0.2223202908554266,0.2620466050812278,0
0.14043108091819156,0.3098295948779848,0
0.7225634616407225,0.09855138005331965,0
0.19902209813461147,0.11348397853574033,0
0.36202635608402023,0.672515024956656,1
0.8890362273494462,0.007492498102791956,0
0.7719803325298232,0.5817686137141056,1
0.7192360681578498,0.7840690658246333,1
0.5382051770040763,0.18700363850587676,0
0.7383977781360548,0.5061927237665211,1
0.7104007957882265,0.7231838777467566,1
0.7505997999212812,0.4830418835790863,1
0.6291775324750499,0.46998020576518906,0
0.7478095360688763,0.6007498910920946,1
0.2764676258087826,0.23632965565722908,0
0.8915662009494393,0.6413204582581933,1
0.9971356136330736,0.4807675386205572,1
0.5538459614901078,0.9677375277498013,1
0.7196663928828763,0.7868654806009058,1
0.028721340763598446,0.1699507608240901,0
0.7043308316953003,0.9117186204945638,1
0.6621958758029829,0.42585572208338074,0
0.6597935202861404,0.24226048184935545,0
0.6491216221408848,0.946960893805815,1
0.06649632159953445,0.12289822848963128,0
0.5933361191563912,0.7979372252533986,1
0.21397593745416477,0.7248005656577348,1
0.24203904197164616,0.8011046952900017,1
0.31620701570935494,0.2116678248283662,0
0.5306498306550905,0.18460824427169897,0
0.6917928849945598,0.8543073464870629,1
0.7902035375670762,0.5888894717350195,1
0.8316325043549565,0.25003049496912455,0
0.14303529997901254,0.9696498326909143,1
0.6288072748680957,0.9521369611118247,1
0.9080153476553229,0.5716052728484999,1
0.23443691101247344,0.1429730819513979,0
0.25892550395464575,0.19100390948626433,0
0.7738628859981956,0.17760843587364472,0
0.26678130258042343,0.6294087327601074,1
0.05817660739151864,0.334715863655199,0
0.3896960960592665,0.024739065908966462,0
0.5693847323252661,0.9356956965920881,1
0.6178011874199282,0.1511322435867477,0
0.829151489630366,0.10502354802159763,0
0.13684683364516648,0.4341530594932732,0
0.08333093308467265,0.9575917856662138,1
0.4600556165675205,0.1644722042347384,0
0.8522333786974977,0.2084457178406286,0
0.3562625956101466,0.009169435179364305,0
0.9648518914291175,0.25090020864622176,0
0.6741018071289475,0.09274404880931175,0
0.3566060917464835,0.2022298460402161,0
0.5990059772998922,0.8355354112129779,1
0.1437611284684056,0.2314692964171423,0
0.359548101436882,0.8164778405906717,1
0.5678129954028981,0.6151692683792351,1
0.7767752161384789,0.7059160652848729,1
0.35176785998263893,0.27772167277165083,0
0.8036221681176015,0.013184381129214162,0
0.5430218882198656,0.2249774847913124,0
0.906824989745432,0.5556201913381457,1
0.9822636377426504,0.6644014984676764,1
0.46201450554583945,0.6484831761673717,1
0.8416707563523499,0.18875859331007772,0
0.8137213990122257,0.09936282690404064,0
0.06565389607307637,0.8072568780280126,1
0.1832399497499152,0.041594263663067066,0
0.21819587211157765,0.1809868505118617,0
0.21993058851448033,0.19127288493947192,0
0.007592077567047051,0.9943552397220702,1
0.8445808699536234,0.7770039844198741,1
0.6927287325519602,0.2264922869135687,0
0.43752832197333924,0.16022679961788078,0
0.5769428362838398,0.5705346397275195,1
0.7547448236227194,0.43292813386903095,0
0.7301786630072461,0.7476976273874625,1
0.5132293785119293,0.16938243349104243,0
0.05042332747459988,0.41097150490429724,0
0.4228561476687267,0.002638261832295097,0
0.38749421523710637,0.9655086746855636,1
0.9998577035509931,0.5100462300628391,1
0.12039876360137947,0.25914654987526464,0
0.743968465954911,0.37289966996593105,0
0.9534538599365403,0.9119111128687999,1
0.5518201545572181,0.15594123200422827,0
0.1363116471069017,0.46041794781621204,0
0.7778462850761235,0.7671564614265024,1
0.7285036803538191,0.3539335942313262,0
0.07880906858611769,0.3354639614852821,0
0.8368176990502058,0.5133357014510416,1
0.6248153130516468,0.8009859073826059,1
0.4076423759640715,0.1066727000711074,0
0.19025412589328627,0.19371016360880988,0
0.15957175495178377,0.5120273228080747,0
0.09335541488690124,0.8113097333314363,1
0.018619616873411404,0.8738677560800971,1
0.6176592473009167,0.03606039956495766,0
0.38394920963097845,0.8662593591185256,1
0.6286473175074253,0.8729724644385296,1
0.7212283306062148,0.14642873041517046,0
0.1994123114930555,0.8169596688037916,1
0.7781863986424543,0.2226769536561346,0
0.3995171623649759,0.4093901523346384,0
0.5071758512504257,0.6157028229018465,1
0.3704203401314291,0.7454272391503716,1
0.6875477007659919,0.4644650330979996,0
0.41550699839489924,0.5751851758079057,1
0.7854545721505263,0.6157953584035998,1
0.5113745958590653,0.4373628059549519,0
0.9828427584728453,0.2874595538449787,0
0.0040239504606673915,0.572280607899166,1
0.18644299268610076,0.8976346584529574,1
0.20269583371696231,0.47621993681666397,0
0.6557471560870618,0.8104930914653511,1
0.1488182240049909,0.5381285150366055,1
0.8197144342519672,0.5344193920009429,1
0.2916339999611932,0.9970393245074234,1
0.23495102479805519,0.27301199003756604,0
0.8135218471723716,0.8253096476895317,1
0.02619645026843964,0.24408823413880887,0
0.06300791864470234,0.0203808883542399,0
0.08939628069176364,0.3147411088020954,0
0.7862697424334171,0.5613938162384294,1
0.8753567877399479,0.7673605596407863,1
0.13381750164849016,0.4427653302817002,0
0.7288049875443295,0.13975760384097236,0
0.7276561053323124,0.451601400913469,0
0.9854213782744798,0.40461916346805715,0
0.280768219207964,0.7129456414067886,1
0.9489410001986596,0.41057259129075596,0
0.23841537115446065,0.547081363920072,1
0.5957052535287718,0.056077692706986926,0
0.9095718281058015,0.4353535435146294,0
0.5418128135485588,0.02163419561891955,0
0.35139867661622515,0.9891802155664416,1
0.5251381489101167,0.4428028295627774,0
0.5416818375829292,0.5602561846468448,1
0.7317859438129053,0.38496871218855844,0
0.8995019378591682,0.6612773163622094,1
0.7922359812463384,0.47523582617569426,1
0.9697452950990183,0.12929221782770495,0
0.5395768596735405,0.820829040851792,1
0.9689878710182204,0.76222501712931,1
0.8201307562592776,0.5718677724545684,1
0.11074203839683527,0.48899686053056923,0
0.4756872588815615,0.3417339329329452,0
0.9248739779290323,0.24289027844256028,0
0.7931981938648704,0.34892117035284553,0
0.15856069280946383,0.3044193795390012,0
0.06834267875869116,0.030040637407119042,0
0.996529517521587,0.03714536324407669,0
0.22002453293322388,0.33683668935215316,0
0.5432046331194197,0.5243310336872371,1
0.5596331136967513,0.8786351059971256,1
0.5004368454770997,0.3833422583341929,0
0.5980328964543574,0.7934265708225281,1
0.3273486925016851,0.7323575023294107,1
0.45306586282052297,0.5409190741659073,1
0.9292500134750905,0.10310835463623313,0
0.8844002365631979,0.06759765888698155,0
0.7095466122112566,0.08591600204599048,0
0.5057550526082646,0.21118394708985488,0
0.6284196375747241,0.586179931771533,1
0.8842551489396245,0.14155497227576297,0
0.6059597594332998,0.7713081017483432,1
0.11261633224866252,0.49768532584389147,0
0.3259459691152802,0.5647950380837341,1
0.8601760436406417,0.6485436600278991,1
0.7281235606402553,0.39632846253833076,0
0.7012021618802582,0.633156385399017,1
0.5903404063700611,0.575121053455756,1
0.05878185087900423,0.13069437957264807,0
0.3935171939945816,0.40901735858419563,0
0.30481031076072407,0.04645766171286381,0
0.6504758969849578,0.11409423602134705,0
0.728807684503562,0.6158142360104553,1
0.4895102225370105,0.3327980682028646,0
0.6680809333984602,0.8247455538487243,1
0.20910438144188237,0.049612397267077,0
0.8773581969328483,0.22787812663326756,0
0.04454128360315357,0.4515033725811559,0
0.48772382334794673,0.4685955447266956,0
0.11357161561001805,0.5851202789117715,1
0.3710026810705226,0.46380786997833856,0
0.520073096927163,0.2174924125296942,0
0.36189179868787813,0.998319933224514,1
0.08410645102147563,0.9874909922688521,1
0.3645111010468539,0.7544143088091602,1
0.23037004020447605,0.022439766817749396,0
0.6668670758465284,0.03730798256064316,0
0.18000220485682172,0.22517168373294616,0
0.853301585707417,0.4577454408964291,0
0.9311226826307459,0.4716144576710767,1
0.01055495068406942,0.6055044500378642,1
0.26474398601032867,0.8588154337674082,1
0.7673852107653433,0.9718623453256822,1
0.49645307487179224,0.9189675757235717,1
0.09186179654388038,0.8450518839188346,1
0.05194717491974876,0.4317965095167351,0
0.7408923188797871,0.0915253011828171,0
0.19556290073588223,0.48611593058239877,0
0.5831453445256322,0.6395066998762639,1
0.025252896795800783,0.55569925621274,1
0.7215569024795553,0.27930058013292514,0
0.7613954063587373,0.9580449660008378,1
0.27192523686588077,0.08883773607678902,0
0.3995163079656734,0.9540784320036967,1
0.11072641035880282,0.18764746318025283,0
0.5883450493778554,0.7728059971837505,1
0.5218988762510723,0.2836272532306051,0
0.4369944991534128,0.17241007567510946,0
0.7108725154460958,0.8773029427100609,1
0.15174241587311066,0.36884502055950297,0
0.7814532943495173,0.9246094299056625,1
0.06725778748864863,0.5847913392365623,1
0.302855820001663,0.40037981629864816,0
0.23616654656707692,0.48788897318075775,0
0.46788174376815483,0.8801449763774496,1
0.31456558736309925,0.11567814800440601,0
0.3294160867349589,0.5971631070247215,1
0.7558061881475119,0.8868924897581932,1
0.6127795377147341,0.2948353194402683,0
0.8626743182225044,0.9572494333115145,1
0.7748366775309323,0.3753017790043093,0
0.09674249699273585,0.31955204068406673,0
0.643336626928023,0.3843257280721798,0
0.5724101464405155,0.8023101936522131,1
0.49106790694289226,0.5998465111567206,1
0.7933265195614414,0.8657890176027837,1
0.35867578715070314,0.42874906342107677,0
0.9991058924206928,0.018928538732527977,0
0.11985936762810212,0.4568818579589242,0
0.053680302582926,0.49927184982137496,0
0.5354675085135049,0.23868519239421038,0
0.7148395706163213,0.4498145145148684,0
0.8576450381603353,0.7051477650708721,1
0.7288313142393309,0.1685053392969651,0
0.28619185981718587,0.15570230724049272,0
0.7700325463232173,0.9363837779746299,1
0.8877918774037302,0.7190039342601962,1
0.7148491016134686,0.13691630219338347,0
0.9667311588080848,0.9558290059745431,1
0.48976581503893823,0.2513493709284669,0
0.6360009023631636,0.1658607420890309,0
0.7078634542386879,0.3177871531610098,0
0.018647525781942398,0.4703922984585187,0
0.46543031306543037,0.8883810970723417,1
0.9603958093139863,0.44558342983994204,0
0.26543685292372965,0.937681242127096,1
0.7503248954248988,0.1059552093436994,0
0.5556231112811058,0.646347503223038,1
0.6744194088264848,0.16438800050928537,0
0.006292118759899212,0.4284098204218477,0
0.5284360850690585,0.18458195700923752,0
0.9833904953971291,0.4974686959480059,1
0.7777488744448082,0.2886953156988734,0
0.2459935234887044,0.49669179499151317,0
0.779540092762878,0.57488735890084,1
0.49133077605700437,0.7142400974989818,1
0.5882292638441209,0.04917760850815023,0
0.8616564964187132,0.9137428591937152,1
0.13470976638087673,0.35373913407799795,0
0.23472211752359717,0.753796341404581,1
0.5672568411989941,0.9024254149421104,1
0.04272734268158784,0.8277800600010464,1
0.9165132873997497,0.07648160770325574,0
0.693144209179941,0.13296237374318665,0
0.24911465623039564,0.3526646048812453,0
0.24948168236265122,0.6947391597228633,1
0.46299374132343085,0.5821756582898105,1
0.7049097893116906,0.24339597522636325,0
0.498696835265263,0.06910999482013758,0
0.6582550999623277,0.6998307754246134,1
0.368677008004058,0.46255359332844415,0
0.38653700809535274,0.5758107403355005,1
0.7158389211121613,0.6203783798151635,1
0.1682439875174494,0.16915019517556462,0
0.09106925994364912,0.35182500267343686,0
0.7764505161220445,0.6391810807311716,1
0.793287596988901,0.4115269488505554,0
0.7732426077119563,0.18207940243231147,0
0.16744188367875767,0.38553195699904297,0
0.8347254295763693,0.9546162394366019,1
0.09919742620825123,0.02622881421122003,0
0.9429427135433605,0.3818615048045034,0
0.4813926735393106,0.8206693341481508,1
0.7489326422586234,0.244727447911818,0
0.11509636585542504,0.9810468595527407,1
0.6415197809702556,0.6585872426841799,1
0.027936343612672943,0.07240438544261263,0
0.85096229527621,0.2912314660320616,0
0.6763706222998573,0.2802942369922138,0
0.38356511686034955,0.5350866658821677,1
0.34880182843030993,0.483237333370389,0
0.42615958315138547,0.11905594110356532,0
0.9461360846207034,0.9109230418043476,1
0.32505036007525845,0.6375237040824644,1
0.3969686005472458,0.3605985343248559,0
0.5043703721450086,0.7685160713613043,1
0.061604521388957334,0.8652055679585151,1
0.2800466938353181,0.7975259146596969,1
0.39801441577456687,0.48661556466017997,0
0.8255197116416046,0.7459667002932318,1
0.3072036726227122,0.8673360492365222,1
0.9724558759701165,0.6141412021092374,1
0.4931169012779931,0.5512096648259832,1
0.5183592178558118,0.9887585273848414,1
0.8249308368125798,0.7116568893118833,1
0.670249633284982,0.6456130541098994,1
0.3764230691749919,0.20027115041354004,0
0.3912318503259289,0.9946946596852407,1
0.5936527108345785,0.6425129520113319,1
0.703623199001263,0.5400963630908113,1
0.8499345350859718,0.2670643116492405,0
0.46963598690813135,0.29161194275263536,0
0.587606968715954,0.622342955666291,1
0.8762995964622925,0.49125042629920534,1
0.5049645473085763,0.09914849083965749,0
0.7161333742042305,0.7597496428701483,1
0.7555773406170463,0.6538030530747486,1
0.07831848077400216,0.8929660256956606,1
0.1144924110641431,0.18218421838474896,0
0.4091070027126775,0.8733266409211413,1
0.11077694885952682,0.6735012965508556,1
0.03589302125055149,0.13790689969016445,0
0.17311826144091258,0.09314538048232912,0
0.8556755064820178,0.8664516748549138,1
0.3320256863130284,0.836165521383392,1
0.7718588686676028,0.26271010147731333,0
0.42609902631176366,0.009244161006455198,0
0.8194766603818469,0.6325033837766036,1
0.1998639121387511,0.16838081771124558,0
0.024789710931666153,0.4968845826816408,0
0.14438664733308826,0.2748084180020387,0
0.5604935874428585,0.25266159454030346,0
0.6443579762426808,0.4894035329927985,1
0.009487743792798486,0.3396635135033145,0
0.9538599255583491,0.41117410062875825,0
0.7064859787092264,0.8696505757195309,1
0.8301636187140411,0.38130498281845404,0
0.7400064685721148,0.6103104034291612,1
0.5426733394893861,0.7294636472904054,1
0.425605730740648,0.04401800918891985,0
0.9577475535713059,0.3352281838066128,0
0.5972922080851154,0.4159723257236746,0
0.026719679845167543,0.10975929008211127,0
0.8055165802656229,0.8524878723001875,1
0.20726491581624717,0.753177111231926,1
0.7297426305835291,0.8202214686217922,1
0.7486590543043534,0.13775114007753309,0
0.3585942647544744,0.9844300154099718,1
0.1658199597373522,0.23666713981404774,0
0.3056940810817028,0.3768715312542613,0
0.9768715364611591,0.29561221703137497,0
0.7851364848414674,0.10737447095247732,0
0.86255902856397,0.3454199804874417,0
0.3637892131170103,0.4831815254545865,0
0.3910105707039162,0.9258244901716141,1
0.794369233184943,0.9160391778436445,1
0.739519651213666,0.498620028782255,1
0.6092684425356756,0.2201865138594531,0
0.829319247652406,0.7902597701777218,1
0.9888099102885233,0.25693061808833195,0
0.2115895540585203,0.26660710982962155,0
0.8758627859400515,0.42229097221445433,0
0.002930310906243294,0.03463289172656081,0
0.012087865281757315,0.2528668570642475,0
0.48423218767322873,0.20846774891990394,0
0.4030010797291256,0.44083788541157887,0
0.5021663435659539,0.7834217651703498,1
0.1697965660793238,0.39414238609743346,0
0.59112015003074,0.4092179841164927,0
0.8440315106721724,0.6810837698199492,1
0.14267230525686558,0.23516191883290305,0
0.3717482631110409,0.06676580870343884,0
0.39018103031065476,0.9792227261614703,1
0.11808858358759045,0.1545490446664035,0
0.5217261787961207,0.18040093227094622,0
0.9406236596123944,0.1532200867560617,0
0.5965343723655936,0.39720300208589354,0
0.08892821744038903,0.652800562692765,1
0.40585053629024437,0.5132711433197318,1
0.9791130919277539,0.34046984612594455,0
0.4649916918752047,0.23960111461892308,0
0.7153525559045365,0.6309478054711424,1
0.6322438768477342,0.11260169407928744,0
0.7570839392950413,0.37939339239695447,0
0.7659594989546299,0.2619246104906051,0
0.1071415728474967,0.41782015681420226,0
0.6990588454588925,0.7717066304298856,1
0.5823859751115933,0.4544803824472823,0
0.16309368129859114,0.7018868962238656,1
0.7459018620569634,0.5149197487563175,1
0.5924677985574608,0.9098576114793046,1
0.31366547704143,0.6201661571959828,1
0.16052345062879003,0.9989804668495536,1
0.22636469186020625,0.31021625844568657,0
0.07974546641280267,0.764762329493608,1
0.6513471321016948,0.8358764148716569,1
0.7903935984029377,0.29229179233651137,0
0.9130192822378188,0.2728936209663755,0
0.6832056255542568,0.06089794377610003,0
0.4055885869244219,0.868470275410232,1
0.6951409561589985,0.03265751767566305,0
0.642072052034722,0.7725467581666651,1
0.5901088584421977,0.4848093125269396,0
0.9779272504717659,0.3941114939142133,0
0.5376060462519731,0.3767639588627152,0
0.403414116014044,0.5162280435305369,1
0.03774617913355882,0.8427854227802787,1
0.4226115953758173,0.7895652767230661,1
0.18486530022937464,0.5527095059890699,1
0.2084605646824338,0.5137236029065075,0
0.8561528767958445,0.8490486432990467,1
0.6508563030547131,0.3416470351915347,0
0.0729511366475959,0.6626975322313653,1
0.42460857322303924,0.6678818226027892,1
0.4170525163605444,0.5968833239460916,1
0.2804261106326914,0.15216281559930234,0
0.3229256794125651,0.06710036493425553,0
0.8011461857078314,0.6801348355305737,1
0.1528228658025772,0.7392810048650724,1
0.41975977330373593,0.15416194595539945,0
0.7259051902960285,0.0539041355754496,0
0.4086300593331138,0.04295113496722269,0
0.45480961818391363,0.3427061403811592,0
0.5356517511267873,0.9565131239100862,1
0.304930281868828,0.16595900356241067,0
0.35397078284434524,0.431787135452511,0
0.2472361116551013,0.09614238681044474,0
0.9412085810872927,0.9915741175127096,1
0.39304211335274364,0.12939075541172063,0
0.31472064567273206,0.48283722539810603,0
0.35869252529821816,0.9737338622225481,1
0.22147923051172436,0.6262651803639606,1
0.2708917357578151,0.1152680171818895,0
0.7524504621632707,0.5363773075447177,1
0.62745196500623,0.8711185445937881,1
0.2668101864590562,0.08243518890572099,0
0.2787793201219718,0.4029896137009611,0
0.25277877381962477,0.4863150374778037,0
0.6826849978464514,0.6565761541069004,1
0.7290863197979701,0.8574050790162574,1
0.38594316207916346,0.41997563840358165,0
0.08431532599465763,0.12420628708379233,0
0.2898598711366275,0.6504853113127258,1
0.8326930785273299,0.05241667912600412,0
0.3993691939802908,0.2340022879742676,0
0.05777348687082162,0.699311136701592,1
0.27513899010160026,0.04265869712956882,0
0.32920469579742107,0.3944953101648573,0
0.182321342672084,0.33894777275503496,0
0.4114656832361283,0.6176557321655046,1
0.2854551843230757,0.9025371725866836,1
0.6226412610963203,0.09262298502523436,0
0.30353831377290474,0.801720071771204,1
0.6055768137209563,0.18629582869365402,0
0.35595234555765254,0.32179012635491056,0
0.819295881367514,0.4136109600417637,0
0.2628358617075871,0.29169486335817496,0
0.35559266404670986,0.5252328746241672,1
0.49822853585413773,0.42310712171310016,0
0.34568403234860123,0.5900079909601782,1
0.6008130427634576,0.5139068580583296,1
0.9669402317825492,0.5355760079114463,1
0.8603925586763737,0.11931853250868607,0
0.722064583221279,0.23935974227597945,0
0.6858065879926492,0.3128267050295759,0
0.27277729366203474,0.3974462283793282,0
0.879730125525607,0.4133316703639027,0
0.24399829481537638,0.5637620600014616,1
0.4611784838884817,0.731536554998947,1
0.9170125082003906,0.031115448733068263,0
0.49403026074474465,0.9958339320643215,1
0.29902901020146166,0.9401115947049081,1
0.7284054663484206,0.43440942797531057,0
0.2872434902454518,0.9354972776277037,1
0.563380604071969,0.9756786417857944,1
0.39669309811650355,0.7461597074125871,1
0.4854078881724625,0.47996786151846693,0
0.8940145577710248,0.10564445935088573,0
0.5478440205471952,0.29441799922780176,0
0.48679093896093517,0.8684703491590768,1
0.536622936198701,0.348618000216796,0
0.8126986139020322,0.1223757478234907,0
0.9327817015552992,0.9047968466448166,1
0.728828143500692,0.47426559909320865,0
0.2316844952520456,0.13030411733092417,0
0.8054212317957408,0.04234037203058538,0
0.22370442749674202,0.6417101059686963,1
0.7165766079347738,0.6953423635815207,1
0.5632052146192584,0.2991868731483155,0
0.16792943715502262,0.7375430057093689,1
0.5312865453046498,0.27172960903772114,0
0.5827532439599803,0.42236173855138903,0
0.3221099576197075,0.8854453702284271,1
0.5484162348883124,0.9012261951550876,1
0.4841594033051462,0.08560591599827083,0
0.24219355401739984,0.6743491491184822,1
0.17004310844758141,0.07061381442448456,0
0.2962472652369915,0.33131911335899644,0
0.6092360073223413,0.0519772167726017,0
0.6879989451689389,0.7535885192133224,1
0.5746401546843143,0.08274192325100882,0
0.3690635575555544,0.4318210008600397,0
0.345605450006781,0.666202114805117,1
0.5298072111526885,0.4890981369690367,0
0.583274616363791,0.5613941356622516,1
0.3473657054841498,0.2498060708714075,0
0.7713536497338149,0.40951664101782725,0
0.444632765474955,0.036068193526766934,0
0.6993328361283581,0.1089404374863272,0
0.06772702359543148,0.8990463866656482,1
0.5801754748308194,0.8819374828824953,1
0.18162714906384625,0.5139082054733805,0
0.49844303449762195,0.6555942149061648,1
0.4939480635142496,0.6539597527064699,1
0.6777638544173058,0.1490462128721387,0
0.38619335130395094,0.7416121707377887,1
0.2523779658942972,0.3581452181847765,0
0.8568216348837676,0.7157591816912751,1
0.16392469949515387,0.5547242301361891,1
0.772433986432617,0.2326080133459023,0
0.15595132518312427,0.9508337092592786,1
0.9870824415444301,0.6973703563745766,1
0.5908726813135248,0.8501371388447708,1
0.8995881081389823,0.15924163958496673,0
0.9847655293981111,0.4185843636354576,0
0.9810143662797496,0.6322472945855853,1
0.8207877532957036,0.664863727795221,1
0.020274969301137924,0.9918370332689016,1
0.3972179381697958,0.8332474908385459,1
0.06708778755190581,0.7022438563166268,1
0.3819511469706973,0.022923479081247145,0
0.7701646363281979,0.7021963623310834,1
0.567729169203507,0.2917015723614732,0
0.8833056529066918,0.5891173443347787,1
0.36113472983263795,0.1977693573671555,0
0.8075943454815118,0.7851230795988167,1
0.855968729182659,0.49485265533271483,1
0.8702960476214661,0.8658152900043417,1
0.9479761936079438,0.08666637236235908,0
0.6353618011178772,0.2078811179991754,0
0.24040287973532704,0.36328243900006774,0
0.9561869319305618,0.7808316294823634,1
0.6111757491321327,0.1896075558580801,0
0.07384920877942125,0.669222128942109,1
0.06126206369797893,0.9860873786798244,1
0.40614021870592965,0.6460050894572527,1
0.587867893553338,0.6971439481901905,1
0.16634527932570065,0.857376941292175,1
0.41672302504597436,0.4898444218304919,0
0.7348151514554208,0.3154085794497632,0
0.7017749615047361,0.133437331092919,0
0.5929947831080502,0.9326510627464251,1
0.4765607213048789,0.9328509338384561,1
0.46591445256371855,0.3209938847353492,0
0.7385526609513895,0.19448823030303064,0
0.17816883999006838,0.5525768291436586,1
0.9685047373791722,0.9288340986289998,1
0.4946265595870313,0.9964319293585981,1
0.12028717187313664,0.6604252573852996,1
0.9017923578281752,0.4832558557949389,1
0.8630617468294282,0.8820987535150977,1
0.6409439155624227,0.6848142707472802,1
0.27769133562325843,0.5231033877117255,1
0.9195561309418038,0.8776116050572186,1
0.0805815299651621,0.8700442527550319,1
0.8202973446097549,0.32084435101178144,0
0.11790437110388252,0.1412376897136055,0
0.8601221333634558,0.14829474756402306,0
0.9881899504303348,0.03854751247468513,0
0.13139607669157083,0.4813468037067916,0
0.9544055390252055,0.8609272952461692,1
0.9007781193881444,0.27329250513413583,0
0.1389013807004854,0.9774227699237195,1
0.6862474085898146,0.08833067592409027,0
0.86301082062137,0.6547971635899893,1
0.4780400668555759,0.10630956853710971,0
0.23928274804030691,0.4453385962127391,0
0.2207594447501411,0.18526742904154891,0
0.4529222435249822,0.3060993749446387,0
0.5425908489101403,0.2268814820482724,0
0.7003219332094723,0.5933881605064172,1
0.11377889921374063,0.7091268176842286,1
0.5192602422933694,0.4986783258307207,1
0.5768827694957273,0.03912299656494045,0
0.6278865316924658,0.6303733940255212,1
0.09722084779466633,0.7195686661126579,1
0.3033297447785299,0.08742285327956056,0
0.6450588047469259,0.7703187357463983,1
0.5158681854634334,0.9900722405285092,1
0.8818889108176077,0.6167518691927242,1
0.8112116600097091,0.4097505322654289,0
0.5826520817023322,0.3737489179980049,0
0.32895975571522096,0.20651545917503145,0
0.9273713780549355,0.7794418411545065,1
0.24592297947706143,0.12158574810103484,0
0.14497081989614036,0.6637395281311157,1
0.11491895372220085,0.07429684253360325,0
0.13432858063260267,0.4229679053222215,0
0.12693140773199596,0.3497785674568805,0
0.9283065482247403,0.7234609770879817,1
0.41302452546983603,0.681620944348234,1
0.9950418238106673,0.18237662392296616,0
0.7819219682012744,0.17314191803322598,0
0.3138264966218255,0.48651305099278475,0
0.4016214551633973,0.3301207575514401,0
0.15545943476870372,0.33130232723803554,0
0.42151566895184245,0.17108018187587382,0
0.07223123421194455,0.08681073349069479,0
0.4701813901008688,0.8084068238156353,1
0.9837089665923006,0.6512113339001862,1
0.7036269279049655,0.11882459631926334,0
0.07779820102591284,0.8384710497654355,1
0.48100298959870613,0.12700339402548355,0
0.035780102805781366,0.8421595472793154,1
0.20721855524911648,0.5566028831558415,1
0.76539114199271,0.36213147854410555,0
0.7040156149151514,0.8975915575085536,1
0.5898517909444179,0.7470272662148559,1
0.5442947256384514,0.6050385269179825,1
0.4460474484023026,0.3531874139470882,0
0.37532981237705887,0.7467832454806086,1
0.6618936106902835,0.4471610796916614,0
0.8793362451253756,0.17743425982595962,0
0.8805949169054595,0.1189360477121928,0
0.05668248344330584,0.8809358350359088,1
0.6328508970291772,0.3724272951058677,0
0.09298509129694643,0.409931511489251,0
0.568636695016518,0.7478570562466138,1
0.9422306733435627,0.4294041066216552,0
0.9156414833121121,0.44268912284507234,0
0.9369506881384627,0.04887199408637677,0
0.05667963844570323,0.32032689124841696,0
0.9204102361000307,0.23102703345339315,0
0.9515613801191324,0.35966333907606274,0
0.862156207707339,0.6404948922766521,1
0.5297230233166289,0.41119863730276973,0
0.20064659899862025,0.26023251875785525,0
0.03641503651840172,0.5831030108679236,1
0.005537370021769794,0.5062594181050969,0
0.014099865999023242,0.2837183347904809,0
0.10942628958154677,0.9417717394881188,1
0.18987749328321302,0.7415474846974021,1
0.48089772764573036,0.059119744870421154,0
0.8479152257358172,0.247936202073195,0
0.3671544568867664,0.12455056838038914,0
0.509455028503372,0.43736504881658056,0
0.2742226335046901,0.3313184831695213,0
0.3269723187219751,0.7485466376291371,1
0.42235467115958414,0.003389232106493556,0
0.8031486140129487,0.22409522329091147,0
0.17666569765546136,0.04563610739028445,0
0.8403435584690987,0.8092257734863644,1
0.42912156889012887,0.23466200399320702,0
0.7577099808482405,0.7977203762059069,1
0.36645613579033054,0.44616408972867694,0
0.17639514336069928,0.2538558520897439,0
0.7433042885458743,0.9709355160825035,1
0.13502958343276072,0.5537000195189286,1
0.7313655567345827,0.4510493126968358,0
0.09502635984161856,0.6353768329190266,1
0.5757337513833801,0.538672455780872,1
0.5647980505015747,0.37811494651477495,0
0.19183955851658374,0.3631204293445893,0
0.36343913692108476,0.6926566319429706,1
0.5233914652458336,0.7475859021758354,1
0.2034582602564824,0.3757067102462427,0
0.2823167263069667,0.34278969905168455,0
0.8974442843129453,0.12290605698000834,0
0.6593236087885326,0.033898940927056476,0
0.13609969726811744,0.7488756326218778,1
0.4001501078540164,0.47748830692940103,0
0.5815352853081762,0.42747551543345386,0
0.17099931892204023,0.0995681256746096,0
0.163532467693564,0.8037178211200008,1
0.32549312945432396,0.4682908063139639,0
0.9305069707741435,0.06401284414899777,0
0.4964943816722165,0.46428936011019684,0
0.7961175395590421,0.48724416196471554,1
0.7297397448299863,0.11170966672292093,0
0.2706456231164336,0.6208197112765194,1
0.3979242331755365,0.08737135652022432,0
0.8314642840376479,0.5245683975103709,1
0.9521807185029277,0.6226160644278467,1
0.0191491520438416,0.607710940728526,1
0.6000015466692084,0.47010227174305985,0
0.07769912483429209,0.09604666068094225,0
0.4979914857714872,0.25160906857625054,0
0.36571225077482095,0.8533526059621462,1
0.38840771975204436,0.7593214075875566,1
0.022428348685331723,0.26589184836188096,0
0.8819794347737651,0.6010796891878271,1
0.24405289883063797,0.23803794264275324,0
0.23700830681266216,0.2284629531060125,0
0.9675870181616496,0.04433776414762347,0
0.47546627246073436,0.8165535985329334,1
0.8769243703284872,0.24550170520683867,0
0.600366653901057,0.6792460586361223,1
0.660038300521453,0.47623508639059653,0
0.8208920828681311,0.31046769970305665,0
0.2807771809720859,0.22782920044255284,0
0.35720951705652193,0.7668578174590723,1
0.23193819329433052,0.22000165282684203,0
0.9913380246971291,0.053178921605533835,0
0.4338775935905833,0.6763690530563709,1
0.16863138347007933,0.6402144661959885,1
0.5243684873128029,0.3096538287738303,0
0.06726485838648832,0.4082214613365378,0
0.9433858084689141,0.9420275169637382,1
0.167637815181234,0.3319031348604996,0
0.010929095509689013,0.3956190276874738,0
0.0989023043711652,0.3463926562931916,0
0.8276651908101192,0.5699017486538013,1
0.6480545900856755,0.7756952773400462,1
0.4646637743549672,0.8487040274887805,1
0.6786849877120843,0.8192404952864782,1
0.08557993523146401,0.8897049358264646,1
0.11935388258561086,0.7230761434635548,1
0.4032401947589417,0.4178922032159903,0
0.902482596967643,0.5617765058131428,1
0.3580040917927926,0.4071771819159823,0
0.6587313855332905,0.1978542462186813,0
0.3860284983151654,0.21648292206837239,0
0.7901574595454116,0.17127760857773489,0
0.5794888620496775,0.923500467298812,1
0.5892036950728005,0.5945477766903534,1
0.20870625585786962,0.10529731605112214,0
0.49684727283661934,0.8224160969914501,1
0.6624793037427161,0.03857295108733261,0
0.4373604465127705,0.538171152750183,1
0.07445519355886487,0.6899482916899886,1
0.8168702013607678,0.7207263560543921,1
0.17317811730730048,0.00101537617290004,0
0.4480625288811513,0.025503646876367858,0
0.906525180362628,0.913925882818772,1
0.0013773686418748765,0.31316852400737893,0
0.5176278738565712,0.12839289615422067,0
0.08685990297844648,0.4700105066365996,0
0.6620325240535241,0.6475651286063727,1
0.4498527590726834,0.8312359824299201,1
0.050396504078217386,0.5613435078201259,1
0.5224702588946041,0.5046477590622807,1
0.06996721463614497,0.6323978977114783,1
0.22058823799576932,0.09323814728721946,0
0.6352757560882966,0.6095510910194981,1
0.727478292615165,0.9730398024267759,1
0.17582758855173408,0.23135200644015996,0
0.681950001886201,0.6902650242936887,1
0.6332445488793841,0.4263721348829351,0
0.9950329994718764,0.5824787334440961,1
0.4682942806957231,0.6134528857965394,1
0.2635416857327656,0.6796284761430528,1
0.711284793767455,0.8804948767229983,1
0.0231261271765133,0.035940768755226005,0
0.35238469004744,0.7301017487683993,1
0.7770486023996784,0.5527214573164148,1
0.5203788605743715,0.25930260019196694,0
0.3176731053868852,0.4141082996474853,0
0.2265682735246426,0.45864483714556725,0
0.004907636615850919,0.15586516674796924,0
0.5566216281475465,0.9149223752763836,1
0.08256832675657189,0.8439960249670582,1
0.8690662635635358,0.013744503026344113,0
0.5951333141771769,0.28146375877581464,0
0.6948897472205197,0.29914489017899215,0
0.5346256238524423,0.570810179573993,1
0.9252014026278067,0.06401279667354898,0
0.9604973388917002,0.2622388644282637,0
0.12174549633682907,0.25575193985388034,0
0.8609523428226737,0.010687542073528622,0
0.05715907269546694,0.4546543032643724,0
0.2199213178199989,0.7290123917030076,1
0.1345084113325632,0.9303542615870143,1
0.5472664780510151,0.7211481034139697,1
0.616071965414166,0.7993263172793449,1
0.5673679404354245,0.6836046560869028,1
0.33335974435841187,0.1538904864667896,0
0.28494770946756,0.37247873714711577,0
0.01599604764553153,0.48440271188401196,0
0.8581324995789731,0.8529365048223069,1
0.7554689705076544,0.10381049402219067,0
0.9135434814659031,0.7595075636171164,1
0.9061374082389123,0.7105431936638886,1
0.9633567480713803,0.13247561995287616,0
0.9365290191679572,0.8938074932291983,1
0.16878729009142945,0.3809979366156687,0
0.8605904741035978,0.7445485274084562,1
0.10812216194295277,0.6018723343863774,1
0.6073813757663159,0.15385758650516146,0
0.5981124143274443,0.40865539288998776,0
0.08052689663334,0.9701351392234158,1
0.7906895957717067,0.6949606676622572,1
0.7321638758193006,0.6462442703070467,1
0.9207690871074492,0.6285301107619174,1
0.13376925170381704,0.1317264100328962,0
0.8635617848068095,0.5403783921408475,1
0.3526643539519866,0.2680631511225757,0
0.42627895249206627,0.7192749302569843,1
0.9428789898235417,0.7925381455942448,1
0.23291988331184488,0.2251254646589248,0
0.9940540617506859,0.9614516607941666,1
0.3593808344785814,0.09417534486460688,0
0.11705080384673161,0.23529886976470415,0
0.4251254035009736,0.4779632509475257,0
0.4881656541430106,0.4292816330507797,0
0.4699252903364377,0.5713145609364759,1
0.8471204841072277,0.28965654471631774,0
0.9237194330207537,0.9668400483040444,1
0.11669341950914591,0.5558928940052378,1
0.9151935500626036,0.08324005463047934,0
0.38693728023567575,0.6050123022301066,1
0.2635285364032406,0.38579668338444306,0
0.038640518692137915,0.09028384394245437,0
0.14839034837985432,0.49724605272067646,0
0.8543875330940148,0.8272960076489076,1
0.8971921776186474,0.10103752993809634,0
0.17655444002553544,0.5592724734266988,1
0.6329818271389951,0.30868064677384444,0
0.6907597661968469,0.9625111376308526,1
0.78640064633863,0.8841704107884808,1
0.857087232612873,0.18839208105395666,0
0.29324698788483006,0.36249640200717803,0
0.446204065175144,0.4754327024855416,0
0.9879445915571952,0.33351279031214764,0
0.44560988810685764,0.8480671538888118,1
0.8732430317847331,0.9724462784146066,1
0.47783791575166357,0.4340653667076061,0
0.23741287690166224,0.7277041437118111,1
0.9867153282333045,0.7782926319180998,1
0.7982975555182071,0.0658151125584211,0
0.18492486400108044,0.6495818141604842,1
0.5148481561976654,0.5843577910887661,1
0.11823706952127144,0.9192502573812971,1
0.13474107673466895,0.9345340253168156,1
0.32759460319904343,0.9646862968074225,1
0.46663970497066853,0.34694393547681,0
0.9489958256779493,0.9234660745409096,1
0.2691181140444162,0.9094862361934402,1
0.10940647357618571,0.8032748440069821,1
0.24845137269292783,0.14073750598991608,0
0.7619674994281508,0.9119382751733999,1
0.37294594243792334,0.24647005391480037,0
0.951700133486637,0.9749696417089311,1
0.06839733015789418,0.5895037525194069,1
0.5401545466288897,0.27001847983839755,0
0.8296556702476836,0.9232180566333903,1
0.5497182614201184,0.8283349051242821,1
0.37581793614832504,0.0557252129114002,0
0.5570444552697043,0.0076303802874551074,0
0.5899728389295759,0.6380942700898815,1
0.6555903469892572,0.5666135124614267,1
0.5672059684020055,0.3561522064551147,0
0.6160324374692109,0.30639117100348257,0
0.1437131007984308,0.1170717993536945,0
0.10823533673472774,0.6710731323686958,1
0.905235791870364,0.2881303081216532,0
0.14080020606520705,0.8634411178953194,1
0.9565351754564825,0.04022016660436667,0
0.13445108943644746,0.18507467083770157,0
0.26572477439432984,0.579271791518846,1
0.5497773542638986,0.3965351854521676,0
0.4228410345327783,0.17946334948068,0
0.4384188039649013,0.1677098661897346,0
0.21923318068967723,0.3875688253450055,0
0.49981393576311006,0.12803388091788892,0
0.4741338045687439,0.18749779461964622,0
0.31303035536768997,0.6515526212735419,1
0.6668108821031589,0.42848848346477897,0
0.9867198094541927,0.6980905033115656,1
0.5575850789506852,0.05739847796521658,0
0.011317909359351286,0.08504097810328892,0
0.9491689384583073,0.860498043705966,1
0.06701539085217656,0.874272055116927,1
0.1623108292978762,0.10707518836966601,0
0.7991575717575962,0.2909851116038442,0
0.3987849528696433,0.5899725051331612,1
0.6849219524075728,0.8469223861635854,1
0.29317846814939663,0.298359776047715,0
0.4491749650232635,0.3049152849463185,0
0.4211278382851258,0.23940375329047803,0
0.14970802555886364,0.2075510685191576,0
0.45055766333812286,0.3348029203011643,0
0.0893649853020565,0.739177605884778,1
0.6244640786280874,0.43828463191964273,0
0.7007924620187728,0.6854385376254286,1
0.13947258078714675,0.33632275023922376,0
0.6137694662529674,0.8936144224643046,1
0.801415249206817,0.5187171613669165,1
0.06920632812264438,0.6265197549421566,1
0.08327030145712078,0.2441470064786394,0
0.20380863248593706,0.9402436195160735,1
0.21599396406189664,0.6772441606032662,1
0.6763833419540635,0.7455551696504775,1
0.939239089544095,0.5730779666144471,1
0.13110623842418723,0.3026042007071281,0
0.9926346208902439,0.20656881963071683,0
0.6872443876903238,0.030957136710057953,0
0.7281791479940923,0.14963086099142386,0
0.6659951445738538,0.5092848307254783,1
0.48228570140463634,0.0972112773144933,0
0.6317195040239303,0.7852522365340678,1
0.36872285991897435,0.2559850007236647,0
0.436516422511642,0.5031867131227123,0
0.8058907335926289,0.6909907134609561,1
0.7151666619136838,0.9516202400907866,1
0.2959773267120339,0.43702462803184394,0
0.12723853658870365,0.930702290245726,1
0.8729590548754722,0.5570397192963891,1
0.6438955163727031,0.01032039305507515,0
0.4188545600742244,0.34250454057043755,0
0.6492566355445063,0.5982534970943645,1
0.7125865283204701,0.3749353751030915,0
0.5614264669305455,0.6328951838313946,1
0.12023100559900635,0.40447661303021476,0
0.7578156918501943,0.8730150174538533,1
0.7947468434806512,0.6148015142781544,1
0.5034538668442718,0.32504938194345445,0
0.18456570819383034,0.6517621201221057,1
0.5222530862780962,0.9439468995166372,1
0.710401785024232,0.37911845302335845,0
0.4163622660230114,0.14703754713816752,0
0.8409901635009568,0.6012137079329246,1
0.6968951941575062,0.9824014762691351,1
0.9054697748035411,0.40434724965362157,0
1.4390182749624003e-05,0.4721674235144274,0
0.8860832337958606,0.1641650500315177,0
0.6903724910818486,0.8324807853302285,1
0.9405391130875954,0.5572517024902792,1
0.015411218122381887,0.9230229607532198,1
0.8107333085861962,0.09074148240224622,0
0.2873005674347563,0.8040986648628541,1
0.8596670339437477,0.4530229481995217,0
0.6373264318426856,0.6283185263549343,1
0.006327131381759554,0.15344083687876198,0
0.7121766036003045,0.6314460872695818,1
0.06761295768494946,0.31541624722586104,0
0.4229552433919156,0.8494189392154234,1
0.741096642318869,0.46552148640744806,0
0.1826577984148542,0.32505094298537673,0
0.17312981787475312,0.04094142952151325,0
0.8951620671328061,0.09691642200410333,0
0.12477933422004273,0.8460510188962727,1
0.8615459873190427,0.5215127344783156,1
0.17080372780355702,0.8543250737281316,1
0.4470199281091475,0.7495364705660714,1
0.33144758659670126,0.5456877214455839,1
0.14238877898866498,0.03729381341447047,0
0.2658453898958163,0.3734553023926557,0
0.7934474127791851,0.0850673698795621,0
0.7920509252130435,0.6785622576515011,1
0.29189051364034635,0.4087474380100917,0
0.8505414977221323,0.9856138634586414,1
0.6136997128342017,0.2889060776438418,0
0.1178359896844603,0.14255103115237133,0
0.9006477296454778,0.45468515206890503,0
0.3214957796264013,0.5992787319619179,1
0.7589797598920645,0.29100984630764803,0
0.7936305515631679,0.7167808018669181,1
0.6192981689907574,0.11246851210814168,0
0.8474834188486758,0.7994514636447496,1
0.741841387482665,0.985422133644241,1
0.6983129044808788,0.20517677065362383,0
0.4474905480707837,0.7771097278651914,1
0.4257041507337548,0.4602493230816991,0
0.34786277151398526,0.22777055064195306,0
0.38539594950867984,0.7672062748656104,1
0.7490577915738926,0.6591119354356285,1
0.9988306425571422,0.17233227861244527,0
0.872840692575649,0.5781537237040766,1
0.17261055325894858,0.6068753271994187,1
0.9998646199433281,0.8243695143524892,1
0.4658687157087912,0.44184508055220917,0
0.9520388398279716,0.11634654899375774,0
0.7029668246622105,0.5886765107299496,1
0.45454565937904523,0.6596737320017666,1
0.3705518332217367,0.1509200152799739,0
0.5831209538021536,0.6443453104100401,1
0.6468719330154908,0.26068360935853785,0
0.4944671402238875,0.08865795379787511,0
0.46223519312681605,0.3482722586603362,0
0.8088169537305155,0.1422260744652999,0
0.22373078846079086,0.3052314903745157,0
0.09043893904269984,0.13479374304842884,0
0.18407702818721827,0.13613090310959586,0
0.30782443628485956,0.5431817904708204,1
0.2559537913786539,0.8537250871379193,1
0.02239554174660663,0.45957523904318176,0
0.7858832662154029,0.763078764037771,1
0.720079895603016,0.34976098291504454,0
0.7091339765308655,0.30577444999339287,0
0.9682951391163024,0.6860363009784407,1
0.9199897962815736,0.31270601726512604,0
0.014913026770733917,0.24517994212802008,0
0.542772281960407,0.6306312144647871,1
0.5992226690530872,0.008351722853014776,0
0.52314680780674,0.5998388145153688,1
0.6215417258819008,0.4029768638543938,0
0.03405862294962936,0.5919956095534458,1
0.15300718925015855,0.6178601011057101,1
0.6205790838007494,0.23744157668110943,0
0.606290583120358,0.3093011944213,0
0.9138992566766175,0.2217215940010525,0
0.4361490725132473,0.5060543395107522,1
0.45542687156507167,0.652535960209389,1
0.16974271981247024,0.07289154313107815,0
0.5612805256136865,0.8812552964686219,1
0.8394074999037566,0.6466880879811779,1
0.8108662544317505,0.7485766506470283,1
0.759394940307572,0.5434743135427765,1
0.1674852472240813,0.33372874457789425,0
0.1917175506836516,0.33401494253611186,0
0.23882279774465554,0.48865300519562727,0
0.5029985639924812,0.8633175486336462,1
0.628056670464655,0.2399291258848193,0
0.9078732929200148,0.6836862544778726,1
0.3340590190360275,0.3230487966050166,0
0.4071640632532184,0.9158227168734862,1
0.1495395343989323,0.19650445345647316,0
0.4981474048486553,0.022910555503176222,0
0.30556250534508334,0.4998292705885067,0
0.4772919251385993,0.8374653278524941,1
0.7710106068534855,0.7527906120497918,1
0.8572401090208401,0.5947376577974912,1
0.8168792117671821,0.6364233517315875,1
0.8052164836745344,0.38618923312503994,0
0.6928677068206451,0.3271706084423994,0
0.7858621737150422,0.2608360174439053,0
0.8079856984155837,0.915803286432058,1
0.9476435658696045,0.5986026002853068,1
0.0936272869924637,0.7340367748047671,1
0.010713171126503607,0.7507650483793084,1
0.8005945070098701,0.45065514919162686,0
0.6018281883759855,0.678910378935653,1
0.14497765988074696,0.46824326021362894,0
0.4586726275571025,0.23444620888962375,0
0.27177392884425045,0.9789783374199559,1
0.3545394327943373,0.8258652671995685,1
0.5130247419662974,0.7201588772301658,1
0.506955938712315,0.5087656247632573,1
0.9643057705537432,0.17746678216412892,0
0.8395152016546203,0.4504277074325721,0
0.9570553852080511,0.14357625317423517,0
0.13797554382247168,0.12368403991694388,0
0.7908831657571612,0.6498907006407213,1
0.9976736425041489,0.6265362729475292,1
0.6709792873724821,0.472613202382798,0
0.264560203464404,0.3421401801596188,0
0.10843445887343506,0.9827136736605858,1
0.035990948407730095,0.3817549479968012,0
0.03802411718647736,0.16773273103718322,0
0.7898781490887113,0.6647871196994619,1
0.3584028049860679,0.7111784285957103,1
0.3892268108462207,0.13343261021632102,0
0.23434727161452262,0.08889028231036789,0
0.9185913285651675,0.4301536418072356,0
0.6111878941662384,0.6589639423243554,1
0.79431994956376,0.3739478693705398,0
0.13027528253035425,0.6618325127052422,1
0.016158474190869354,0.44985789624415506,0
0.3689369615344892,0.8389472672239336,1
0.5860664155295043,0.38982561885603284,0
0.4432175574964071,0.6351707505311012,1
0.6313273022025034,0.44915883324150696,0
0.2631097182089366,0.5918198139407927,1
0.8278872285474589,0.4686959658143848,0
0.0208423262784051,0.36454434947782666,0
0.675798002036078,0.8713990298273222,1
0.43126726463875864,0.20532944383712926,0
0.3948755274598573,0.5406927723678145,1
0.4553377342820306,0.11987210672846604,0
0.41190506783942726,0.19658966601872196,0
0.8681327574656013,0.20315644316861092,0
0.9040503968440444,0.1455115446289147,0
0.282297918725843,0.12903693797547233,0
0.46929444787100094,0.37728287218344114,0
0.19711469392813719,0.09303209575309701,0
0.7207856369841231,0.03046500650484174,0
0.3446457575890166,0.3000247232317278,0
0.2219672304232967,0.9843414943327787,1
0.6299373971049352,0.4792198779089635,0
0.7848957265214443,0.9468797813774505,1
0.6674291664568982,0.008582489082632927,0
0.9233190279578983,0.8309523854640141,1
0.28596873236766596,0.29663837655920466,0
0.689275370349212,0.8697575409362802,1
0.8745216696804341,0.2533920186956785,0
0.4237136612642325,0.5517872545337638,1
0.5172920628714537,0.15840971119183278,0
0.08439793160819964,0.4587958810422591,0
0.8053223391731265,0.5191314661694987,1
0.434117136281331,0.012733047733641034,0
0.01806388654260871,0.12693150646816698,0
0.5308711122170897,0.18073450399063273,0
0.7769257381285405,0.6893752019039533,1
0.34304871315125507,0.4870510429086794,0
0.6316638961938341,0.37093055597645186,0
0.6951948643018736,0.8841055188351583,1
0.2747698017235298,0.9963239058723156,1
0.7030533416482022,0.40040682641345093,0
0.6136448115636135,0.7511126459425863,1
0.11858640338628845,0.8487279357163026,1
0.08611854745944214,0.986111441074849,1
0.07235885474300552,0.5836114229550663,1
0.178624460554909,0.23226045733692902,0
0.00593514618271096,0.8130454924849325,1
0.6904449481466698,0.8928320441736802,1
0.36114899926470634,0.0964520761662071,0
0.5030757264138416,0.4107075208240304,0
0.4521190097326937,0.32513544359097357,0
0.5580190177002131,0.48575779369919214,0
0.4746354593186627,0.6857560175418614,1
0.4149750461109538,0.8027724407808902,1
0.1499135142750454,0.8411285884902185,1
0.8861189576313924,0.2727414578206444,0
0.5867555850248833,0.9105039899541674,1
0.638640991882606,0.9290804131946367,1
0.095165668779021,0.7069690639574184,1
0.5520111407386046,0.19541040747219163,0
0.4418955383457518,0.8393238025644048,1
0.011901323749563986,0.633058686532008,1
0.11257478301897939,0.07458006725685784,0
0.4985980771544831,0.6566855804035439,1
0.962835360779437,0.7391069033885511,1
0.012379927939671131,0.2499658032646802,0
0.7797146083069507,0.611131522771108,1
0.790701914473105,0.09542142530817466,0
0.07336122964941061,0.002691186407643764,0
0.6568266705656645,0.0023688299327829787,0
0.6390961558586229,0.45159778689102026,0
0.3059459648906432,0.285154470887816,0
0.011900695938805717,0.13854647460494285,0
0.5372120901980101,0.9442410129959382,1
0.843821057242959,0.014213707912983153,0
0.3895936315104769,0.23206964482104264,0
0.24156724399354645,0.06964656095248956,0
0.7496897938924608,0.2101807402576774,0
0.5430280878148392,0.9466969402831137,1
0.5999154986621544,0.1589126086673388,0
0.8048767347413728,0.9078860186733875,1
0.6647881699352644,0.9124339202848528,1
0.1373891127505552,0.23816449818890728,0
0.4066697791633289,0.16164086662521915,0
0.9607585288975011,0.9772011001379874,1
0.1929257770755225,0.3789708164877952,0
0.0340644517276818,0.09681629028646499,0
0.5945232193602015,0.4886893800409906,0
0.7009798799202751,0.9229140326069064,1
0.8514904014765061,0.004776024079524932,0
0.44641934914976766,0.16152720394410525,0
0.715742422772226,0.7444505339361246,1
0.017794571907035817,0.2600949275843353,0
0.08996726407296385,0.3877627458834162,0
0.49961116685531215,0.22246022421306677,0
0.08188668657136433,0.6765768584625644,1
0.43344616606572606,0.8043871950379069,1
0.8145654655147094,0.7299531871300861,1
0.8786583837852956,0.32362198916095763,0
0.6273450049213138,0.03495769705034424,0
0.7729991263228086,0.9777301553315848,1
0.6027271866231159,0.45512376601409543,0
0.6848385489714529,0.29613355479839376,0
0.9675095056481419,0.3304328690265449,0
0.7233390282318892,0.40668084055108167,0
0.011939802758156426,0.2507917360003582,0
0.07592912126846907,0.6456259492708573,1
0.5015613799101638,0.2891437915891153,0
0.12962319925792232,0.42742786282759426,0
0.8790874511328213,0.14822892295182621,0
0.17378340576183005,0.3131550606881278,0
0.6799899794433314,0.24588119934651909,0
0.6955048396524701,0.8945425649988944,1
0.3745465495367092,0.22472102176553066,0
0.522380023441634,0.5434358903747617,1
0.6582863473093397,0.7293166254660264,1
0.01383648127198256,0.41162038528035894,0
0.25946306029991306,0.2081054317299167,0
0.35992761668816353,0.48889805000361375,0
0.781548955242088,0.9868847977318287,1
0.03554913354689482,0.9098869849639256,1
0.7940028199707765,0.8629372703171309,1
0.8135382895931438,0.9330291625162125,1
0.8734906012845377,0.877838485557738,1
0.019244511327718095,0.057911809033471595,0
0.43024638208954136,0.5325221153382139,1
0.42279857915534846,0.7080002462706649,1
0.7637734693243096,0.02091238903419501,0
0.5737432177572339,0.1580060449213201,0
0.9908939156000222,0.9229982459765803,1
0.6457811555419258,0.022766547289550187,0
0.612574657871952,0.02939057121683719,0
0.057201286992793476,0.31025265877804076,0
0.30825268008530027,0.04998671331729243,0
0.5268288815761024,0.6550327877689217,1
0.5530067605670378,0.4695698401459264,0
0.6138700452414243,0.41267297526957714,0
0.73439222542038,0.23829462987301908,0
0.6068964250556563,0.22397811099483966,0
0.24154737707519358,0.033770800124995115,0
0.3937518910218234,0.9318315383484981,1
0.3928994420653744,0.9121679328592319,1
0.8614187750122421,0.7000925416858964,1
0.33488822402965046,0.12944973583456554,0
0.8682656764783516,0.929794928242215,1
0.028426172550307438,0.3276700673844415,0
0.7889208189051876,0.3419900855328696,0
0.2522687489899076,0.46817769969967693,0
0.852016696507362,0.2446127637633826,0
0.6114295816163127,0.18063828443462904,0
0.27617616175187365,0.4780435753122084,0
0.5880342349654523,0.3937709365342469,0
0.3478826798601973,0.33835084721573694,0
0.3133260944253159,0.7230920296626782,1
0.3240015849934611,0.7272507219939922,1
0.4275582990908412,0.9803558159546977,1
0.3064532053987056,0.8395199788506312,1
0.04689841982528353,0.26373573900929104,0
0.5669532843379277,0.3830711251182647,0
0.5935908685870112,0.2076434248329645,0
0.6163103743510112,0.6440949589643747,1
0.6667141161347315,0.29462489526416513,0
0.1930546703542213,0.6512811274016678,1
0.9754144383400941,0.15197360651424185,0
0.4878329735495682,0.25761420477220387,0
0.5121728287199462,0.10236609336293878,0
0.14164057195496527,0.28369959734791705,0
0.7618630702381302,0.5895263451850716,1
0.34171515940498676,0.48431342725930304,0
0.9489866443448355,0.4455704104588103,0
0.8109010184314555,0.9007210219630442,1
0.015028894019479377,0.732985240231399,1
0.7171699150384755,0.6972665367129878,1
0.49675967989616254,0.5943532762284924,1
0.14840745043817927,0.49654792301210726,0
0.14930125977239694,0.8823845484890979,1
0.5238323364187705,0.1929099217516992,0
0.5493567224881205,0.520588808864221,1
0.9359420240845955,0.5235476074776909,1
0.8326377731199995,0.22883813656029028,0
0.605521398529098,0.9961606433101021,1
0.7889989744702669,0.6640545878224128,1
0.1703774035591079,0.29002617453791313,0
0.5972381698742729,0.5461211280219026,1
0.011716897470905097,0.36564154845801833,0
0.38532295992413834,0.4144991809676908,0
0.9931819274869075,0.43271010703310786,0
0.15770518904302477,0.06001355870651326,0
0.5803211420191642,0.10468686564037755,0
0.30164622994172263,0.7421201023839464,1
0.6771930027008859,0.25234197065243935,0
0.4651023569856171,0.13553588630016966,0
0.4311887204650692,0.11072955035148768,0
0.28330990458956096,0.2107045627651486,0
0.4027638542045129,0.9326211509366247,1
0.9034685283625342,0.8185397267884743,1
0.5056037484090632,0.37937785304446314,0
0.916099992943444,0.7466017927555942,1
0.3990541595935905,0.47014971357895163,0
0.5683029489411728,0.9481586115121828,1
0.9801689886081907,0.07146051457363845,0
0.11656001573403096,0.458694415282759,0
0.09205833898101623,0.7916814872607756,1
0.380336461703367,0.7528567486611191,1
0.7596657579971456,0.30917146208115565,0
0.13123885936468638,0.319522581117233,0
0.6611752726055754,0.8083715567547242,1
0.9075172996106081,0.8140692443374623,1
0.47912364864876733,0.7988975775600904,1
0.8572123482359645,0.2185771353426802,0
0.7342933306935342,0.17519622385234024,0
0.09638196412030853,0.5798254715647347,1
0.004075127365887665,0.44478135380014283,0
0.7858127487115187,0.29793502150032936,0
0.8782516094066529,0.6194557649870592,1
0.411838718606486,0.8134135840531302,1
0.9963471186587011,0.633800404342573,1
0.1536149399038037,0.6936829184784912,1
0.5724294842323713,0.6408402353737483,1
0.23940506587132981,0.35609129204614576,0
0.34154336099828797,0.14658554246384825,0
0.8673706196494568,0.6032578921375544,1
0.24814744981636705,0.7608469725873497,1
0.4226946633414793,0.9514839105502084,1
0.8942578659131216,0.8363364147845175,1
0.8128790497778643,0.33198640852918826,0
0.9393931688214331,0.2870436228914446,0
0.7542064864149276,0.906489140915476,1
0.29686742342437467,0.2936687484647795,0
0.4314582628040041,0.3858985214520496,0
0.977237133093705,0.6914276179121879,1
0.6076420972276216,0.31935351974813786,0
0.042759725947109195,0.9330740930781547,1
0.42826443431666517,0.03361019002189369,0
0.3947333067471446,0.046240771268790115,0
0.8735680193949049,0.6841363399610138,1
0.8527606407483075,0.5023321137962422,1
0.7447770803725619,0.4449516886262229,0
0.05090926305669874,0.9990167188782287,1
0.14466554210415783,0.2907950840204959,0
0.9605606968329449,0.5747779494338965,1
0.6778763841508675,0.3253574470589987,0
0.12859731082188808,0.48892907435922994,0
0.9929412312691176,0.6978900134297921,1
0.7958849450202223,0.7625042401194797,1
0.1017014006510123,0.4966621337419812,0
0.5289395323314215,0.12963396330295707,0
0.2704492760491022,0.8498663502813867,1
0.9900222501629181,0.410683999266923,0
0.17895047935049968,0.06857315197132807,0
0.17460548329220715,0.7901954470926151,1
0.14083357889277204,0.21043119311089942,0
0.02704483770346222,0.2094677170900433,0
0.3601246589490208,0.47911791293819184,0
0.9316945153871496,0.8669413106520729,1
0.3054922572476362,0.3160668780612227,0
0.9462751347802417,0.5127609132264277,1
0.07246693977330498,0.863560249044296,1
0.17885492481948406,0.6666288310641,1
0.7846706407817021,0.8633014532236454,1
0.15594365134818655,0.21593638627147127,0
0.7384924384690906,0.5851546051840812,1
0.579507261008405,0.7890583176729346,1
0.7856267981700321,0.8373395104073152,1
0.08330655579184276,0.09667059024083968,0
0.15645781369536071,0.7719028969160335,1
0.4067152981806348,0.5048865646248691,0
0.0038798192792135477,0.025138149331812354,0
0.11610887619570387,0.4386626854741378,0
0.26323088818491835,0.7597670528080501,1
0.5146727948230608,0.6310280175682574,1
0.005141059620862087,0.7692685847451171,1
0.6496702842251959,0.02875704816093405,0
0.4266887789135746,0.6744655563190134,1
0.5671014460769577,0.6745551454574334,1
0.24239851498773224,0.3909764395650507,0
0.29891039673356157,0.29711207346246893,0
0.5557303520480119,0.09224515806905775,0
0.6235683018034678,0.8439587379846338,1
0.6100473388866036,0.3897053914388462,0
0.6746485268119887,0.012342033239418737,0
0.14064201862958137,0.14455059753557176,0
0.5466557851052825,0.9317926315816725,1
0.01033555537981834,0.8579672686478842,1
0.44576082244325854,0.1386527771729239,0
0.1040045153940824,0.7938900846268262,1
0.8535386994487564,0.12985730328784184,0
0.20778353922624992,0.877127173636702,1
0.46298088868467047,0.08980440507735221,0
0.8635484173576466,0.4985448717975782,1
0.06247198743973792,0.5008942736106652,0
0.3520286465272289,0.8444572133869164,1
0.7608218265403291,0.5310883376967614,1
0.039612095301216566,0.7377617772709912,1
0.4325231038315491,0.13149522161204308,0
0.5900730147146392,0.598623832417987,1
0.3871175126163934,0.5150607280679809,1
0.8878612778834263,0.727025175026263,1
0.8527963146389468,0.5831345243015319,1
0.6762391818878646,0.505049849439716,1
0.42624561536917516,0.29298684845613776,0
0.06938410519219373,0.6668731625814267,1
0.05908807133227589,0.2164651371324593,0
0.5742084851196557,0.6811086903389572,1
0.06802262584163021,0.7860677129400258,1
0.279095138837293,0.13893628986217943,0
0.9414958829891058,0.2880993323876422,0
0.04139528322928643,0.07553897433337664,0
0.017498247329067573,6.504564134257595e-05,0
0.7235034300774359,0.2941059167570724,0
0.6605905258199545,0.10206458528739315,0
0.46935382906215584,0.6588417254381704,1
0.9620779213158626,0.39340656673918084,0
0.08203546672891027,0.3015095578439321,0
0.73085237909189,0.8891871127802344,1
0.504363260333872,0.8397834727393347,1
0.4662456372895666,0.22707828056464618,0
0.145384162312706,0.4254272542291525,0
0.7540368227866975,0.8581605028912599,1
0.3010671243651627,0.052471235287885554,0
0.31990594014265705,0.9196168751694528,1
0.7190305256425527,0.46557790173211866,0
0.3386783088653751,0.792095704038472,1
0.3338976716270722,0.32609083160537466,0
0.4742857483868608,0.5926556304480866,1
0.6671777128060561,0.7359078693506854,1
0.43643187813148,0.8011743758467841,1
0.6553550906293182,0.9330776741812956,1
0.5831285967443101,0.9702730297297618,1
0.6406760099279818,0.13251599266250347,0
0.8644293725143085,0.1572059222985992,0
0.8619768901455162,0.690816624044752,1
0.9259002812036141,0.8027985996037666,1
0.439940862672209,0.8382588176150139,1
0.6452878064907684,0.506322088691843,1
0.2099331182641183,0.6779676236920078,1
0.7512583016074076,0.6496830647598653,1
0.9949150739900079,0.46575888738637083,1
0.4364047360650486,0.6416559624244941,1
0.20817050924609892,0.12471798959150593,0
0.3260424294633817,0.08700773557091923,0
0.6228491683864716,0.40673004945419167,0
0.9706114528732924,0.7833798261185211,1
0.2968336044610679,0.5764992135944056,1
0.05010068297455028,0.0013572547277267422,0
0.6156150436808117,0.04872071895533692,0
0.2432898994759083,0.574742597460875,1
0.556881153421267,0.8209422296875675,1
0.25221655480502403,0.08782224004255812,0
0.05515594907002419,0.9150514234605224,1
0.5047656742834811,0.9222538276267537,1
0.6589760145952459,0.44474061485215177,0
0.5393492601989369,0.2668075265430566,0
0.3340509053046494,0.749980033683438,1
0.3034329045113997,0.5067556794428684,0
0.20429911738052509,0.8899943845656659,1
0.16242972261351474,0.6649161060554231,1
0.2631843442242977,0.6410251044708393,1
0.5562214037533931,0.07294341544895466,0
0.585367813842971,0.34487459742434423,0
0.5711017364892385,0.5606038131888512,1
0.8720165559821478,0.14318548237047046,0
0.540067406896314,0.7366863394508979,1
0.20393750021422907,0.2814610515031286,0
0.5065189671660758,0.09567996667216794,0
0.3899181499125369,0.9524393029033916,1
0.8591838140943455,0.7320187548066796,1
0.2163448109304995,0.10670013519921762,0
0.5241799364687564,0.9424541942274585,1
0.5243727083475549,0.787655560805584,1
0.36856625756104666,0.9873431349005718,1
0.005502287091949887,0.8388560954719197,1
0.6719600376475556,0.011675804365102072,0
0.729988272968778,0.3339605387242387,0
0.10556378438826153,0.7565601477734113,1
0.6266713033459348,0.18536998390559833,0
0.35521161542826385,0.612402189900537,1
0.5460514867327941,0.3707971252568033,0
0.9972736352334584,0.21034480218680407,0
0.19715852333327044,0.8929468132094688,1
0.253049263417535,0.7222551867069986,1
0.7539545462350208,0.9443047896126873,1
0.2135792950035218,0.38011236528847936,0
0.7893757841381636,0.004736722564064766,0
0.6676850927142188,0.3700665677140468,0
0.28193676540013246,0.7184284260528068,1
0.5629655759478157,0.7631434564876962,1
0.40676418318933916,0.9875514882130871,1
0.513618211442814,0.31969399927322284,0
0.19594306608972378,0.6956534925186639,1
0.8546565954665567,0.4273601295265509,0
0.47466818336442573,0.25552769426040556,0
0.35264489443995517,0.7652889641424978,1
0.6782137774208292,0.8839251623381819,1
0.17850599146772794,0.1774310353107592,0
0.42717419308579796,0.9879491729363404,1
0.24370389974985984,0.35574405390813735,0
0.7902236975656349,0.767899935767938,1
0.8337649854952107,0.7992331802082457,1
0.7034530811920715,0.5200270361461325,1
0.20366619096853733,0.31617025907554475,0
0.9742640886202338,0.7347508954669194,1
0.8175801980187498,0.7003374635601228,1
0.289299390098697,0.7849904246909409,1
0.6863647067009725,0.12841607652212728,0
0.7227893731572813,0.6942421571855565,1
0.7850114741168617,0.43883318885211164,0
0.5076566411200016,0.26102549484793425,0
0.10207666558151418,0.15236200567578584,0
0.5483630244991392,0.3836287958975776,0
0.015415383801031357,0.11756676763734641,0
0.5638446157250137,0.667215537750786,1
0.5331024546071244,0.5440876105958085,1
0.31880015612606283,0.9489302549934926,1
0.21808051460880085,0.62560109910969,1
0.09183862964861333,0.6790935442002191,1
0.5332277715527041,0.5455554212265264,1
0.9235996199250274,0.48177059656193943,1
0.5034279901402343,0.5114488576236471,1
0.06949619711868493,0.7804810827598447,1
0.33031524480241814,0.548596060499681,1
0.2766199720857727,0.9708416106686677,1
0.4715904340019973,0.8420443440217416,1
0.5190752702295692,0.2791112386746961,0
0.6068522582978078,0.4595501193453271,0
0.5990175838238644,0.6840214958602151,1
0.2947133718982743,0.9013458876832705,1
0.3335711349336906,0.8185491174598514,1
0.8710201893176772,0.7051644580176852,1
0.7140167461197215,0.812227367186274,1
0.5032545976309395,0.5830840613041269,1
0.010801218613560648,0.47937970670338803,0
0.36964959990035606,0.6487659098099169,1
0.30767160431666885,0.3451706868494743,0
0.19543012017049677,0.6875165701899095,1
0.02410725990079221,0.9598596714608667,1
0.35896330191783765,0.23073797173324984,0
0.8309193423460091,0.9554675128499969,1
0.5494046112591073,0.793616008000771,1
0.8613425163776549,0.819215853633212,1
0.15399446581347087,0.5676884990398033,1
0.8613537954594632,0.7735353510125659,1
0.896061786034801,0.009452204262373254,0
0.02881556596874313,0.5929140523651546,1
0.03766130941444179,0.8891104074421236,1
0.09938036058499189,0.08841692021222736,0
0.3207551646160862,0.9026717553616994,1
0.8018690959561032,0.9076748100107979,1
0.3263986193208567,0.3376587219889867,0
0.4278652223842081,0.07228533806193838,0
0.6827643793516818,0.9526770199851808,1
0.4534991723409566,0.9235733812790053,1
0.0021355502323950892,0.9523912572941619,1
0.2913010877931804,0.5076452133460282,0
0.1745298916313427,0.9212965838657625,1
0.297055133591004,0.5423280147953808,1
0.7934337176344235,0.8434555311258048,1
0.1320860373227556,0.46103130803206815,0
0.507240760565028,0.8110088282690509,1
0.9061136887989103,0.4932907636360704,1
0.15434650975735942,0.14141359881060256,0
0.2816849882601663,0.9151124395464506,1
0.845956688672308,0.53484525711157,1
0.8492097570301574,0.15694624764729748,0
0.4050470561014573,0.9470405340042418,1
0.20064074715794022,0.4359210538094377,0
0.8632030320644969,0.19157262602003156,0
0.4200850509223315,0.09549517291658205,0
0.56055357751829,0.1621971976585731,0
0.4106942407853944,0.9544385177807024,1
0.5500657376265918,0.5753350029182607,1
0.03798724982708668,0.35108394032680057,0
0.1729201685986893,0.818858883854266,1
0.6971427349720349,0.5532434798889244,1
0.7303638317390685,0.9238371848215704,1
0.8542623987956353,0.8828783962219463,1
0.04062063400324589,0.19640143464601278,0
0.36248797738735583,0.051143469438776124,0
0.43764252344412125,0.6547824909826759,1
0.46092644966020646,0.055852460770440926,0
0.16639932023887138,0.4384052282331815,0
0.6465964607787886,0.998256678038282,1
0.9178867992222952,0.7202425586348637,1
0.02993740159803404,0.2375791586842919,0
0.2612098857441061,0.5471111562080763,1
0.7660979397912443,0.6021560441405848,1
0.920869734537558,0.3850536638377525,0
0.17763754180734492,0.7334448890597767,1
0.8544948881984346,0.5243740102825034,1
0.9072971300332908,0.045706530586444805,0
0.06426976841017962,0.15971074100599503,0
0.9195764490590425,0.24377115964482288,0
0.6225407648192696,0.9339333772291745,1
0.8222384087184419,0.8178967627434154,1
0.7926000049931823,0.5761261683660293,1
0.7806608948920006,0.04429396551587117,0
0.5508519945088264,0.963412584522859,1
0.518326168540382,0.6987351961517742,1
0.2522164824907491,0.31235399231623906,0
0.468325586302234,0.1496294246622476,0
0.3073203025946658,0.4309960114296121,0
0.36945010520493726,0.15953874330355156,0
0.5139460543987985,0.1111822169928468,0
0.4573850370003818,0.4541881264527551,0
0.7955483412610523,0.22602729716168712,0
0.9065749259059385,0.5523532073031456,1
0.5374114236320857,0.11832527024404782,0
0.24859025109364608,0.9014070953333636,1
0.3805386801166494,0.5156420826296821,1
0.3710889046603215,0.9263203465668028,1
0.5889159052320888,0.4742702862806538,0
0.6358519734176077,0.44811335893010606,0
0.2698152274174471,0.42141022378453175,0
0.6915016577106303,0.722930413865964,1
0.4603973039526784,0.046653135397549894,0
0.9707528782174424,0.33170104718939963,0
0.7273523852538359,0.5425146086412436,1
0.3637325026127127,0.3709129943527836,0
0.2310451742584252,0.3219658149455322,0
0.9870893427553358,0.44734829112468233,0
0.42237404462678074,0.6888662912485825,1
0.1385773044222779,0.8465264195539256,1
0.04704786027799879,0.6584766596943218,1
0.4379228345962829,0.02157840284502488,0
0.27961120761802627,0.2133595888633456,0
0.31742490399667544,0.6448201217650799,1
0.01968873768094781,0.30961374304495515,0
0.6647940171981634,0.8302000584266427,1
0.13826987340902186,0.4365732792299214,0
0.19702621911770068,0.9601421209488016,1
0.9709059779571574,0.9807557471271126,1
0.20217436150539325,0.19879316882169196,0
0.4347304211450088,0.7854417727379399,1
0.519500310819522,0.3839912335245431,0
0.10078226832699033,0.32587069613128417,0
0.8037617356775566,0.6610585518675903,1
0.19998104877936196,0.7162184580016054,1
0.40748265798436056,0.36007535506978894,0
0.2881902620439739,0.2525063036230716,0
0.9505834995147628,0.11669425774446629,0
0.9581944069699249,0.6941344012740123,1
0.26536546625256907,0.7064893838043564,1
0.012745160153992408,0.29670266941979206,0
0.8980485338842451,0.32630834813186727,0
0.9804702213484233,0.880372179336347,1
0.43074878981154274,0.23629730430714024,0
0.7366668338662711,0.6497864699778363,1
0.2513410428459818,0.21165073538283385,0
0.7115768003573908,0.731052453581109,1
0.08685452960832318,0.29572096759537636,0
0.5670497447910865,0.5581046822066639,1
0.5550906164154875,0.5904501177040579,1
0.09142704425875114,0.8301821917440941,1
0.5703959035485742,0.38588080204325903,0
0.32470623561103373,0.25518714067915826,0
0.36929950558191216,0.16299217381811237,0
0.687851560945737,0.7287047815676212,1
0.2621360689258996,0.9109204074820285,1
0.8948576097150839,0.4395671487962056,0
0.37199882104809034,0.5251430864158155,1
0.020064633921805686,0.554394698952315,1
0.45067420607240194,0.3354059144774868,0
0.6410037722485067,0.37236645780925437,0
0.15558956636425314,0.9614724062258563,1
0.6368467412448826,0.2485513137407508,0
0.501483667305176,0.9505917824190154,1
0.9828774068685674,0.5129804624265311,1
0.5078361601774336,0.6957285040319245,1
0.634556460434178,0.6687510127367938,1
0.017845073985854887,0.09945917576499641,0
0.06101961546645884,0.6571925587247465,1
0.6356237483321674,0.416013651358921,0
0.3484196690004764,0.39431066712998,0
0.5769925070267384,0.421547155280929,0
0.46324306698484585,0.47160543751137574,0
0.6944971143586782,0.49451840426792815,1
0.28217376281523376,0.620929915115688,1
0.22035315033833403,0.5025674967828362,0
0.15120243397352418,0.025455344750451858,0
0.2251444233249631,0.08623882586611231,0
0.5948121505827804,0.12094528814790662,0
0.6424105771536832,0.2613757863231865,0
0.2196218876311985,0.7099130161365447,1
0.3997862041899203,0.8696096922344958,1
0.8834140676700001,0.3799922634995956,0
0.6332791781951536,0.40118714398720257,0
0.7519079638307091,0.9218422448090445,1
0.28500015141778245,0.9870923416696978,1
0.3991669114071422,0.40764655710572983,0
0.6030937306663212,0.01872370806760637,0
0.9053184627453319,0.47050443611593995,1
0.898370017283884,0.8830643804091983,1
0.9060692250983212,0.23133499449431527,0
0.13898400291501567,0.8983429907267154,1
0.8205674298525664,0.27771005721757,0
0.1690296498910454,0.5869188789356781,1
0.3720685377230176,0.8507331997347385,1
0.5398608391348607,0.4654107724716555,0
0.13519940125469654,0.9428440177430177,1
0.8476530632883138,0.5011168775540976,1
0.23910315493551104,0.9693232292048327,1
0.21155898890659652,0.12380151666600714,0
0.6232920093648084,0.6203812199937319,1
0.23797588176244167,0.3196841274165063,0
0.47089759728929503,0.3659630952323355,0
0.32397566164879665,0.06224602030669191,0
0.7180142377432959,0.6489051325329825,1
0.4500605008295996,0.9228340384148063,1
0.252111932499951,0.4823871224799121,0
0.6327850972025436,0.767975606365221,1
0.7647126790084324,0.5602082725406649,1
0.03500502723144905,0.5770450953279146,1
0.20496319270185925,0.2239060962133993,0
0.9308293709598717,0.45030814458161594,0
0.5660441114938274,0.5483509279743911,1
0.964604168319896,0.5609255654297576,1
0.31801622377504335,0.4752572615013315,0
0.3253418048036416,0.6442564943234236,1
0.3886224055247197,0.2868935473658152,0
0.02625210253089294,0.4024609423980867,0
0.8577529709186729,0.9805236265763521,1
0.4432464854163315,0.6543323710103089,1
0.21186390302444913,0.07613298792174239,0
0.46323108242943867,0.36625175641932306,0
0.9223000169420035,0.7175061276738232,1
0.771469798575517,0.014822553478611944,0
0.9928494194022772,0.21205962459606653,0
0.13257430600658604,0.3294833025501702,0
0.07872336651782219,0.005467910720485025,0
0.15464183493232475,0.7125701384120193,1
0.1393128150529599,0.4054577887174614,0
0.06060814839376083,0.15964877313993886,0
0.2522254918331741,0.5439928102654508,1
0.298117217406885,0.19526115122875176,0
0.479943208220572,0.4762458813520998,0
0.462396975975768,0.7334133280776195,1
0.5174496159024815,0.023559132509628267,0
0.5352720433026508,0.28570777886835264,0
0.8674980910429114,0.23647066103276781,0
0.43169695218873916,0.31350167397115025,0
0.004270922180348635,0.8048508340910512,1
0.6854922192966845,0.18068258883661448,0
0.9032687644129312,0.8980079779094652,1
0.9907620973472592,0.6652151037600216,1
0.12049826815482301,0.5753990237788643,1
0.2609722926366975,0.3892279005965167,0
0.6621444598261301,0.9877117555022848,1
0.10533587207631034,0.24776778155653767,0
0.7574632146846458,0.5822764889755169,1
0.3638757242419972,0.1515685241968786,0
0.01569114013774131,0.3006857650904322,0
0.4676809118919012,0.999672819796168,1
0.8467678038297753,0.45906429022162865,0
0.34766671258153503,0.3501084873941448,0
0.6033276165644839,0.06084784019094969,0
0.557664391159659,0.5387400546459796,1
0.048642443129280455,0.36025003615247764,0
0.4357413296321795,0.1740326363954139,0
0.21375759897956625,0.03964202622837043,0
0.06010724633281361,0.021771473636573058,0
0.525393513461514,0.7050956492883993,1
0.5812604060477851,0.3884080342640611,0
0.2498860571600232,0.07774827762206926,0
0.18008465281062624,0.6765058487679692,1
0.47422582201691,0.8412581006659272,1
0.27012692982716835,0.7631658799296389,1
0.5479334067366846,0.951434492501522,1
0.8905983059832702,0.8392561742261486,1
0.16125328553222606,0.6099209917810081,1
0.3623001750726539,0.1691487935377054,0
0.6523233146185198,0.9387585232965455,1
0.31335149629350034,0.2704360755256989,0
0.4317604140541187,0.5132957491482482,1
0.771463283894341,0.6431221750986295,1
0.6034904846540609,0.3455741492144083,0
0.6908616644960224,0.47245043077722715,0
0.26362745161383017,0.08680300087520532,0
0.3339435852508832,0.5340653774386418,1
0.10583405225185616,0.39009182263424136,0
0.32379916693112687,0.06099091507620091,0
0.4099631495580155,0.5322868906545013,1
0.5064892635143429,0.11788826836319222,0
0.21118722040739168,0.06857494430707622,0
0.5964574463686843,0.19278887047564608,0
0.8735919810093029,0.5572474590223729,1
0.42809326846343465,0.3631302641179317,0
0.7127808882144879,0.6412782484414873,1
0.854096747425608,0.5296234344833826,1
0.6691723815775044,0.2642464280282316,0
0.8904956590059977,0.344492706763469,0
0.18500258359507582,0.1462064249990428,0
0.34736274562173863,0.6732144357136917,1
0.6184564696579485,0.5234756706142049,1
0.6558473696333615,0.9729329031280395,1
0.7504245104858646,0.5112033434070089,1
0.5388298649772074,0.17400516086892348,0
0.9915515805248385,0.8733680254716331,1
0.03338733485762502,0.48710635388179135,0
0.5490196723799704,0.44600645704402064,0
0.3836010954749809,0.6975938345627969,1
0.2553471448756026,0.4590750591788786,0
0.8867925891251649,0.20142946120661953,0
0.16330627288321986,0.3541336491151399,0
0.06848232565872137,0.3604703395879282,0
0.912130466534797,0.09153133230082444,0
0.018684586784838864,0.5635565007865578,1
0.37785251586166724,0.9046152727617071,1
0.18732969424525459,0.5136419753036255,0
0.04240652598658279,0.5240645375427281,0
0.9883413931946521,0.4883722348578964,1
0.37545128784397563,0.9400865988833232,1
0.17302794001822608,0.09183610537752462,0
0.6320497008272205,0.1580431758202594,0
0.5592797040790426,0.9596917661439817,1
0.9519932511396721,0.6244921965222343,1
0.4671519670880435,0.8884844650819711,1
0.013364218407834416,0.5511243901089318,1
0.13426278414926474,0.4042335404779597,0
0.7894688486761721,0.17629351441965446,0
0.4265728617304665,0.46070243773028297,0
0.18274459539093169,0.5800943462738215,1
0.042748617120957344,0.9582727311840205,1
0.2447982133140565,0.11772779434507841,0
0.7578558003709771,0.9319756726839189,1
0.12114392791562856,0.6307283088211441,1
0.7500729589116389,0.1572025867898128,0
0.8033429805787623,0.11129397563869481,0
0.8012988192935051,0.6654577547344881,1
0.41677555460455606,0.25778172331724336,0
0.8892287126968745,0.7018723354223488,1
0.6899271331567456,0.4912779653625521,1
0.6390725270061992,0.6710904978364315,1
0.6675543138900799,0.9945902093361165,1
0.09048462448748873,0.5420595792736911,1
0.0568829591841612,0.2666990432718159,0
0.2686960428727895,0.12951834199453893,0
0.20912738890698213,0.5513088000379304,1
0.7242646242715726,0.3535533952340152,0
0.8677805423300523,0.3212137906347776,0
0.6242988099300812,0.9194003278881566,1
0.6976745179121324,0.7164408930845089,1
0.6734852840355596,0.2659524418938626,0
0.05815241550925232,0.5024416217281773,0
0.8086128434324875,0.029870991082833975,0
0.7350348935547429,0.8225510365766674,1
0.00136261758903522,0.4578398787968748,0
0.6492047424071443,0.04170084606908986,0
0.030675987427916107,0.3280869607843887,0
0.17704510667626494,0.8320620113924777,1
0.7364717705269966,0.11526363905808368,0
0.6953297105320916,0.34062883040023606,0
0.24459816771584397,0.7188742341790153,1
0.9389010094591838,0.43847480728461763,0
0.922434483045813,0.26280818473022405,0
0.8673564493222057,0.5012111747505194,1
0.1511138013352029,0.1851417818743949,0
0.6672492407187363,0.5349095988505723,1
0.13387451558191554,0.9968214269991914,1
0.22356246144009684,0.043506655494551794,0
0.6938018205245938,0.4504747872116043,0
0.45675591357795353,0.35605533854117255,0
0.3744689519632446,0.684010067749011,1
0.18983768288908376,0.4023849398156838,0
0.709587381690679,0.12615880663409273,0
0.6957639209079559,0.7295539871505164,1
0.4522749965215468,0.9096704259324231,1
0.47135241295564145,0.5397706412626072,1
0.2911846241343511,0.32658683036052594,0
0.5864810139053874,0.23441371358655716,0
0.30063128469895994,0.07624358557863464,0
0.6670856066922979,0.019219412011772574,0
0.8266076523661948,0.7605114826588337,1
0.8253832841681878,0.10475272919928214,0
0.30576778729426146,0.14785028416218438,0
0.5145168297241551,0.4137505664635719,0
0.5038861345231456,0.7169443277713611,1
0.1551051697071124,0.5772561750309,1
0.3223426638633058,0.7292105938374833,1
0.6065466866006078,0.00487229835976144,0
0.11329791079086993,0.583146673625871,1
0.5885911675740372,0.127632730012729,0
0.23018739948833966,0.15354681092847544,0
0.731307610829595,0.008438336343441044,0
0.8176981268513969,0.007932623549473994,0
0.6838793676174189,0.6087254822550159,1
0.39934019327576986,0.5679589610221197,1
0.5757238416405801,0.7528839435497948,1
0.9215798978579425,0.28885371809431315,0
0.31752460922742787,0.27569994170174716,0
0.26934422355468624,0.343374404859239,0
0.8139197250442326,0.19620377785521237,0
0.6181480210883903,0.024829965604297954,0
0.5376521759941363,0.26127868076901484,0
0.46464393320431996,0.44939716689443276,0
0.8489272325955842,0.5030379085390253,1
0.41908683337845043,0.17017568879429512,0
0.9924234683723188,0.44481826729647334,0
0.945122875109301,0.009402486087962458,0
0.8801170195610967,0.9202626425166551,1
0.19914957582138582,0.060540089194351054,0
0.7202181430119313,0.6668845698641701,1
0.6893289227169134,0.5888900732246165,1
0.9926353722883371,0.9397018230120813,1
0.8000982562402855,0.2740504632824563,0
0.8126553592535868,0.17216443170665885,0
0.22992379289756815,0.3180203816351933,0
0.22054433270080975,0.23277351985576422,0
0.9566682632976509,0.4049470741929081,0
0.9298957339023862,0.0035562307469692023,0
0.8362591071756633,0.35123582477896254,0
0.7173827287366512,0.4883898597878127,1
0.9765116038036497,0.5537129135676492,1
0.7708002428671554,0.42790305478969504,0
0.19397147286607042,0.7571343201260556,1
0.6081451480167916,0.5707819568154017,1
0.31975876139157533,0.7871793495031095,1
0.1789268201709504,0.456064094152404,0
0.9522892671297987,0.518084467919098,1
0.8096531318897476,0.14983194379710485,0
0.06080521912777781,0.6379546513672262,1
0.4634357265427409,0.5002060228399839,0
0.9969245687119404,0.8072180423788122,1
0.40416444005934815,0.5887734525316464,1
0.6852777035149096,0.36697788495397776,0
0.2677138561626766,0.1612785836739632,0
0.09055655776169369,0.7378209266677344,1
0.620904611367081,0.236553974333365,0
0.9279474429805769,0.7449462396565132,1
0.07650696537671564,0.9580519653244018,1
0.0014784700141572404,0.6214000797572476,1
0.7128971786158053,0.863851361757084,1
0.5256002557540653,0.717850211273201,1
0.5075709998310032,0.15430893815036228,0
0.14097906394110504,0.04938961074198789,0
0.4656920734313109,0.2630922660696371,0
0.6361779048214119,0.22955756374565905,0
0.16785049108327543,0.7224892731250048,1
0.1481718556881505,0.46808401188069226,0
0.524103744576899,0.4958309668150319,0
0.7764648964259311,0.46004135459021833,0
0.931704060819179,0.7187981990599019,1
0.27692413324368037,0.1785976414423316,0
0.018399093545989564,0.7971924916569455,1
0.2937241805796905,0.836942616849075,1
0.6599739256352984,0.85683274596763,1
0.026756851878963595,0.34780299776139245,0
0.21247883717311344,0.5414818912158414,1
0.37975753935277323,0.1616948039572209,0
0.7840889483146973,0.8515081129692077,1
0.364809661825638,0.8666233577518424,1
0.8627496261952784,0.21277950993058137,0
0.45988148009819285,0.09590775639705873,0
0.9331685407817482,0.383573303171314,0
0.4841145193847918,0.08339107072420648,0
0.4426938738082906,0.5093491320132948,1
0.30795015603661025,0.5820879413362638,1
0.7070271717158539,0.19061334938792418,0
0.04298447533227534,0.6547913248171381,1
0.03767964237890242,0.47323587822137403,0
0.16027049023126938,0.6392096650252244,1
0.8449575712087801,0.8276663586760891,1
0.11133008323501459,0.6588023970994165,1
0.3895417938223995,0.4577065603740451,0
0.6669735851735853,0.7249201915644234,1
0.4439670574155484,0.8272175488342086,1
0.18397198646126,0.4390417410078983,0
0.40512282336322625,0.20346679707893067,0
0.7059102621782714,0.491329125375634,1
0.1365646674886274,0.6889972476255292,1
0.27012642319797575,0.08237182953437117,0
0.30182408732771204,0.5071489284575528,0
0.29601300049035895,0.049109736593718534,0
0.3304894477355169,0.6790725812301098,1
0.47239139368626426,0.24250858387088747,0
0.5198728032232154,0.2738953772488928,0
0.49782105799970533,0.24997559163392125,0
0.4384187513549559,0.9843800996250247,1
0.6379474989727523,0.42798587725998105,0
0.6633286396081982,0.171905202454687,0
0.713670965591014,0.13175646629729498,0
0.6531433036488958,0.3336509836840664,0
0.5096092367861687,0.6575503817758542,1
0.6346512398678855,0.13108291571934372,0
0.3469342309266338,0.12865770692840317,0
0.27062719499683074,0.069074919386784,0
0.8075721365757356,0.0661369411333268,0
0.7678200910157401,0.3218440601857958,0
0.6535780136832262,0.19085059969158957,0
0.9186407978279623,0.35264947374072153,0
0.06341376206227112,0.73716356918131,1
0.1861519607721016,0.4445114790660555,0
0.0779175108937592,0.8451826939001722,1
0.23481938631768828,0.055527480006031915,0
0.7593172544144274,0.9131443948762036,1
0.4431635437954805,0.1877068957109227,0
0.9283963179806521,0.11656757626917191,0
0.7246007048764659,0.39254597426915483,0
0.8724963692246257,0.4856934569931165,1
0.27219776689545083,0.3864752673048677,0
0.4647340343636488,0.13592826059779783,0
0.5581913818685146,0.45574539751010534,0
0.5433351403010424,0.8901433868450777,1
0.8226126184087648,0.6458303481515885,1
0.8253857323211427,0.40836876901005736,0
0.5596411263929832,0.8072752988127209,1
0.8358956071504822,0.8136114973756015,1
0.3845406890338545,0.0018729425458736682,0
0.7470693347099866,0.8340073733712858,1
0.6641108152090017,0.432414955527894,0
0.0786360005516532,0.2984619499643212,0
0.246231825550008,0.49881877465085367,0
0.42995824492250256,0.2613617586192125,0
0.880775500013252,0.31189879963595846,0
0.9614970988148046,0.8462514220819599,1
0.4773602741878892,0.513556382789092,1
0.6716766464901017,0.3301265489321078,0
0.6492425853989516,0.9709486386756842,1
0.787103568272613,0.011005743659564526,0
0.1558395005175045,0.6626284317362071,1
0.758638752946857,0.14097643948247152,0
0.8016314205103742,0.7452506265778734,1
0.007914803277275784,0.8428912880460275,1
0.3058504967813751,0.6337134226967127,1
0.7889659620792707,0.7820673963594498,1
0.35534025240464606,0.8221070202668257,1
0.16555866557763232,0.17233668254412027,0
0.808385397522092,0.9516458831820304,1
0.8581066338287685,0.20241177022984647,0
0.8811180489004957,0.6531245800059351,1
0.5419494702440362,0.8914464137620915,1
0.49443281164431596,0.2842335546006215,0
0.9291990146630735,0.565939251493293,1
0.05042063238034389,0.4179624099738616,0
0.4966571237898091,0.8131549560933218,1
0.332871155650734,0.13737658161019572,0
0.5181737798053178,0.18127386081005337,0
0.11182361646603245,0.398827472134507,0
0.4342251359650279,0.475751761806125,0
0.9146262841614335,0.9486474509830249,1
0.5315626055807311,0.4514713506169812,0
0.7836241229351468,0.6521757933094393,1
0.8097520537865802,0.22959300177094522,0
0.06727846946163707,0.24699735774695475,0
0.9647895314394072,0.28646845862437564,0
0.7933985543587936,0.049643823169942536,0
0.03391994616299365,0.3589484967065135,0
0.7501186062647794,0.29410744677520373,0
0.1615586925169653,0.1299952476624171,0
0.4487702083962064,0.10576536944060422,0
0.8151909725498916,0.765356309336313,1
0.7410892485425006,0.8755788101181353,1
0.5078750575036117,0.34088616413946204,0
0.6093878610718614,0.6709617490510388,1
0.5236756088637299,0.4412655887233464,0
0.8427269100318986,0.8189070109638358,1
0.827483015265133,0.7445355512128488,1
0.6914007542315582,0.03463144537378249,0
0.36312587186610246,0.15679089376850586,0
0.9814246696842583,0.7564961100647468,1
0.698873900663269,0.6987754402603911,1
0.5377571327978734,0.35344295604901255,0
0.26348231611312334,0.520474923987673,1
0.9027961788566856,0.9448506131654743,1
0.10037742168533403,0.4053652616966289,0
0.17442702514086772,0.2061780135418374,0
0.8943827487011391,0.9291185535797306,1
0.04996760479473328,0.49572713708832816,0
0.729749109026813,0.9829200178145246,1
0.7280989279973094,0.7615495838496706,1
0.3740309751208999,0.9051116477102578,1
0.653795320946815,0.2667411421635554,0
0.7641957163640363,0.044645939569593396,0
0.41712332351298675,0.7257657961728398,1
0.16381640484193827,0.8627276118755426,1
0.010181976085079092,0.33606859593915084,0
0.015628172949667896,0.7216310688492815,1
0.6837326694721555,0.5295024322547492,1
0.43183912315682205,0.13701050337613918,0
0.20395634252482786,0.2540881397900582,0
0.04912277491998107,0.10772284792167808,0
0.04948108228822212,0.8687280745206767,1
0.10887986523233917,0.3086892066053646,0
0.9919757310964069,0.33662094431525225,0
0.7643448992641657,0.39061470590920266,0
0.7462053867974429,0.9002764880270043,1
0.5878039752439211,0.7893551690438976,1
0.5112098964173014,0.12035426509437908,0
0.6568170430184678,0.4910379040172752,1
0.2364974322871819,0.32220938248005304,0
0.16100560534702058,0.644027502901713,1
0.06047868724048311,0.1405876036240421,0
0.5884402301894248,0.27004027305761147,0
0.6345170517582066,0.047897243294370506,0
0.7738791797475059,0.939471154077487,1
0.697761606446245,0.14572076307053694,0
0.27764089071691167,0.682170481998895,1
0.7247578741020932,0.40863654485770895,0
0.9584746375361861,0.4196108791336445,0
0.36115126192865643,0.6449784878665821,1
0.6570090527008124,0.7923750469105459,1
0.7324474826152457,0.17203421570578836,0
0.9256429702437692,0.6551020206803587,1
0.30999329834573774,0.530741826315165,1
0.9077037729007501,0.5218691051181684,1
0.6866742253335609,0.4196812364123276,0
0.10476749761379245,0.2207879265094016,0
0.701621919524209,0.5612843497925588,1
0.42342532600710925,0.28993291315665815,0
0.7441930889910289,0.04850331016233811,0
0.9004979976069827,0.07351926043679669,0
0.3991404232596041,0.930730600411493,1
0.2999885107205814,0.6785877277210521,1
0.5601294365244662,0.5944180964315773,1
0.0770460239881039,0.42150094800177307,0
0.5447637474499241,0.31687246315656437,0
0.7067804504327748,0.5915765606225978,1
0.429402434607675,0.040540848679750496,0
0.05676612890931998,0.13438344697779647,0
0.06533493058234119,0.1932090147729738,0
0.47365696850695704,0.3474891180157209,0
0.7822300267630984,0.31751919950604524,0
0.15457714060970273,0.22022207178278208,0
0.9756935932178747,0.5530705304703888,1
0.8159818302243708,0.10330348942721601,0
0.311793981594523,0.8312877472977684,1
0.1791265482424218,0.8663919183399691,1
0.6499748660544028,0.6421304159092023,1
0.7781675550703706,0.2416825345899134,0
0.8433554330357721,0.6444382089135933,1
0.7319697241880555,0.5819180905964954,1
0.467323207561831,0.01608664265839932,0
0.1569647594346213,0.4537951007504676,0
0.3277847662939809,0.7000041883428287,1
0.468710046684909,0.16236979418299347,0
0.6842133669626083,0.30113621896681997,0
0.2517071191407029,0.0441963214693486,0
0.37348575042836785,0.4806523149363342,0
0.4884433514448481,0.5133421056111491,1
0.003907707187959852,0.206539683569262,0
0.08148398894824949,0.8964210864942566,1
0.12291757701868677,0.6248132599442532,1
0.3864277870418581,0.8441491438005891,1
0.5519495002971242,0.6323916410962852,1
0.3049207077399474,0.7925823065967375,1
0.4542649820421808,0.6901954876607952,1
0.7155863718765731,0.8864833873350533,1
0.45185736375242824,0.2665227343401242,0
0.3331095314666992,0.8091544156541752,1
0.02164648919212575,0.18851635713927317,0
0.9509005944125164,0.4746075583382813,1
0.9686239699697573,0.021972088179283422,0
0.8211524685538448,0.6431600762310211,1
0.6091521419116317,0.09260612623587572,0
0.6393140458061687,0.5756016318835606,1
0.1737728971062693,0.5073982078761706,0
0.24182363713051291,0.07233432706962195,0
0.2389170757420619,0.19230840383748393,0
0.2124259225143874,0.34558243106893893,0
0.2563127776642945,0.31959691517389166,0
0.03136328031072144,0.8927434284402037,1
0.9450395801414802,0.49349898199528963,1
0.38088021223644786,0.5566053888915722,1
0.23697618921150465,0.5113569298625762,0
0.14300412424122766,0.31429424375637716,0
0.5257319610823418,0.4090316408970417,0
0.8782543843106017,0.6621517661064682,1
0.0709289789907196,0.5592986003334439,1
0.12706063722927274,0.07581632125380877,0
0.7967448424171142,0.3493169188016936,0
0.7774307892385323,0.10357969236459807,0
0.2570313848777327,0.7159527867854635,1
0.9467229580348646,0.7079546914398579,1
0.9136070255370634,0.1824497018201927,0
0.3287937472942667,0.7383750823830592,1
0.17871217782613813,0.40655891435096925,0
0.4573918441329018,0.1525473431384654,0
0.43011703798842016,0.831334996532045,1
0.9183805492317576,0.9070675515690875,1
0.2890022357927313,0.8681627769186006,1
0.0497210815772533,0.18524954968776497,0
0.6689758698238488,0.3341335358579679,0
0.3774931382480464,0.22122813363315996,0
0.03017181649951317,0.772631068447842,1
0.7642479581295959,0.5899443402413673,1
0.04038847006884072,0.22765920180051125,0
0.6396522903941126,0.6178572496201216,1
0.8612548444927025,0.4451836841196405,0
0.308589946301564,0.46446147362265067,0
0.46885853487754425,0.6906221996605869,1
0.8969144450019734,0.4922730810157461,1
0.8723971576992832,0.37084196607043396,0
0.4708990881080519,0.8167301538356535,1
0.5781647392053145,0.1432987300912526,0
0.25274150634156256,0.04026926346081772,0
0.8372878851843601,0.36244902068440954,0
0.2590871582550245,0.9931435683961385,1
0.2842597535189554,0.44449014592197866,0
0.8286058739372522,0.518160341106247,1
0.29816800843153224,0.6274791571083485,1
0.9335871372303386,0.7331218471326971,1
0.16093923943001442,0.28224362315576845,0
0.2095014083569865,0.4750271352956289,0
0.5720396393789884,0.527047813072835,1
0.9870106832669427,0.9662708665092722,1
0.09300808964323648,0.5258842662629266,0
0.13322447601786225,0.02245354892061424,0
0.5840046415072525,0.21153461268745,0
0.9798483591861299,0.5486734651617781,1
0.9977777486373237,0.42212857925593916,0
0.24443070045237092,0.9721228459746728,1
0.14044220864111212,0.17254916870228731,0
0.7301873851348891,0.6252481759159615,1
0.30910445784450724,0.6912518512635419,1
0.10553117000780243,0.040688952901646536,0
0.6284699690491491,0.5794639226035053,1
0.9754332853062374,0.5231795738483702,1
0.6539277179415719,0.6199520348652087,1
0.8861737070992669,0.43988095543076855,0
0.6768605974734864,0.9578406509415837,1
0.43112743012808064,0.5422074894669728,1
0.31317071806091024,0.963560278640481,1
0.4684980593513989,0.38619326581919433,0
0.6161971087966128,0.27654956322408664,0
0.6580322362933728,0.8835506436294949,1
0.5509603229875076,0.6417830945354095,1
0.8287836409483635,0.3687771225894584,0
0.5208167541544421,0.10884780240214798,0
0.8086793060436347,0.5790715529061474,1
0.38175499594087714,0.6326967137081281,1
0.2327547329469758,0.4673492712429529,0
0.9084276406856227,0.5840765614718968,1
0.1455260583863358,0.0005380419016320914,0
0.5670151610959744,0.8762555744008528,1
0.780174736246955,0.7275197774864886,1
0.35224972861877424,0.14715635523822157,0
0.09571008712183371,0.5664158797974044,1
0.875582855167764,0.6915828701083674,1
0.1461704767164238,0.2587300920293124,0
0.3687647602264651,0.5802754607060268,1
0.10188654113938611,0.7873052428765905,1
0.8541250499223727,0.7850299966717312,1
0.8627040449785449,0.9674538849228609,1
0.5306031503364923,0.17591808206182113,0
0.588001769775795,0.7534142776149682,1
0.00702532986930926,0.203928606053693,0
0.25725982396609615,0.8809863372565581,1
0.5816471950940735,0.9227003289886784,1
0.13867219246119356,0.39352450713915954,0
0.19648648028339977,0.851742790175407,1
0.6130338380368427,0.8726656601783069,1
0.6754952824130471,0.10752858266205634,0
0.6494020459612149,0.17709538080816567,0
0.12060148946789184,0.05045476926338288,0
0.45483045804279654,0.30341305254179585,0
0.6194405866748193,0.891019938025818,1
0.3588789082587458,0.7075734583943737,1
0.3514399715323092,0.05786705106904544,0
0.7939374642138388,0.7375645838229127,1
0.6781034335305555,0.0433776840233181,0
0.9506870425314884,0.21755696869426455,0
0.17979689120085118,0.9200390911762147,1
0.8507924917084007,0.963987002418268,1
0.4922599813226519,0.8306365807083546,1
0.3546147290570121,0.4311032175561701,0
0.7515483807466131,0.9472005430487012,1
0.8377457020094751,0.6190584783226731,1
0.8101415705324829,0.33486350469521253,0
0.5096284251317846,0.9739673304299171,1
0.20720281767626547,0.5641891792494217,1
0.772891853980971,0.1070793685269581,0
0.19355024813852006,0.8896957539161481,1
0.5133004113538053,0.07272928380448418,0
0.44547696667692993,0.14143223017921835,0
0.8095581063760342,0.36858808233462337,0
0.6575504747943354,0.19603929343138815,0
0.13023489117587828,0.9608615920323996,1
0.059293697136829415,0.5623517529522309,1
0.912586647444609,0.32897102114471255,0
0.7331008137479131,0.4755538869483473,0
0.4920951780572965,0.8122810063215555,1
0.6372715584201051,0.4010117597972319,0
0.6373896947300745,0.8154998924152801,1
0.19226638229866844,0.573774254879986,1
0.9565446054852613,0.708364917456508,1
0.07603498704320466,0.00554456508883161,0
0.6807987943033293,0.7427579419054893,1
0.4044446567239831,0.6619897622695837,1
0.2908127444393954,0.40913608447358707,0
0.11620719632752163,0.7282285004035135,1
0.997063073401491,0.8312410429694983,1
0.994333309022844,0.26687202545124333,0
0.02851403648429618,0.6847155061098906,1
0.5444707538761338,0.02289095570237576,0
0.6050049358051891,0.39910039949799025,0
0.9036964060093082,0.5820498801602927,1
0.6333402439646856,0.01757716921684427,0
0.634434337946676,0.34046626233129496,0
0.8678533989230146,0.4426468168249946,0
0.8906421629063545,0.394737400808708,0
0.3403377583512449,0.18126653992066455,0
0.0434616554857139,0.5177115411749095,0
0.3973062454141033,0.5597808777862882,1
0.7691045680696437,0.9205694826288834,1
0.3868068295024709,0.9817281855052847,1
0.543923603519711,0.7955567654716192,1
0.6162405078306538,0.7243593050300886,1
0.8757137126073772,0.7968253160446712,1
0.9119588270907026,0.025725449367791087,0
0.009993064275013341,0.24702382981639615,0
0.419467312554167,0.9459061404599963,1
0.24003107948266322,0.09017886665705999,0
0.8353807736770238,0.8299490874666356,1
0.47393958420610427,0.9312919164701207,1
0.657024328942986,0.20178175744149696,0
0.7212056859735769,0.6922768143216448,1
0.6471374989123692,0.60700000368892,1
0.07517267973747377,0.18686821747044902,0
0.01888555913601908,0.8783402902059871,1
0.7758767526996667,0.17876234917588563,0
0.6944045636687861,0.7829496147051102,1
0.8142120913876165,0.1521810989640937,0
0.48988723447607907,0.9501918690972881,1
0.8202951031531152,0.24349110743721714,0
0.8268181110495553,0.48089165261173916,1
0.5107680197252349,0.3585538836722023,0
0.5214830570921671,0.18529586065853876,0
0.7299128130800236,0.09909714841990569,0
0.4354122465817868,0.9741047898693246,1
0.4382603663032446,0.44147794503427706,0
0.00425160086328491,0.5455252333010296,1
0.7151559578506549,0.4257872286134289,0
0.7866965780513825,0.26573859960146173,0
0.20527291414755244,0.6851232119297488,1
0.7557908947104127,0.16245952201258373,0
0.42609726480145615,0.6159520344352281,1
0.8924754798320312,0.7104656979253647,1
0.052234812179038914,0.0011538962849874101,0
0.37958952899225296,0.10855674040615204,0
0.20746533915165666,0.49015738770706263,0
0.5818251376434649,0.8066612478893203,1
0.2815706515446186,0.2660314337879175,0
0.6262041501692905,0.3358834182936584,0
0.00962102161547429,0.781175332113163,1
0.8118484152636992,0.23650456501081074,0
0.7615520610714338,0.07899258718686697,0
0.5509291627179687,0.7012341932357771,1
0.20503923150203918,0.5757204000983843,1
0.7581077735882253,0.8544535545554579,1
0.17519628863396597,0.10521527448761725,0
0.8816707145481751,0.9322399230951075,1
0.15139345614508715,0.4008942788714853,0
0.4464997037898343,0.6641934159895703,1
0.9522560462179145,0.8796422251325843,1
0.3270544416077187,0.6651432980987638,1
0.9156932553286845,0.676893886762246,1
0.4998812983491603,0.4462614346442083,0
0.6440824399933025,0.3486995293039816,0
0.7070196629581719,0.10021536022919642,0
0.7170683216544212,0.15212852828667067,0
0.3174428738641447,0.6980502538859178,1
0.9767902657861616,0.28515062129333413,0
0.997790196945816,0.23192477420292756,0
0.10031019373099259,0.15617126610342336,0
0.757761869358872,0.5775667365517145,1
0.7826644488792563,0.716278235662188,1
0.26782319897937235,0.6553082988451331,1
0.647344038569251,0.09466993253323353,0
0.2416371582447604,0.5841175717600021,1
0.9791948841092513,0.5863803288008241,1
0.4180055856248508,0.5832557107973916,1
0.22680444553849943,0.8621300823928628,1
0.9706729526251338,0.2493585122805363,0
0.032754802113522,0.04538058887423713,0
0.5903028883681756,0.9586404358001173,1
0.7248034148333915,0.16504335326889408,0
0.6743052025163163,0.024551151642086655,0
0.23632802517976803,0.3812475522072897,0
0.1873815734005997,0.2600510106587004,0
0.7374155926855729,0.08851818815599954,0
0.45977108211782225,0.403078514958889,0
0.5544814739667786,0.23000420593029702,0
0.9381635227416726,0.057605027633125694,0
0.62521584324744,0.6699657377576698,1
0.06236821617041022,0.6006218568735793,1
0.35053315215797265,0.9278349562601308,1
0.6374537134095719,0.17989465846014685,0
0.002409000168827058,0.4142649175831503,0
0.8385670081514024,0.2642091383437033,0
0.5013326793806236,0.47736377015119413,0
0.756111023129298,0.7232799799983414,1
0.0167197199634046,0.052498804084218254,0
0.5833595830740536,0.24741971517113193,0
0.5146627053968995,0.24962734667239583,0
0.9551347617804932,0.007838423137814465,0
0.3682636868705802,0.9480974603473347,1
0.6926671600570338,0.5048999093373462,1
0.25621785556488996,0.03510022843132199,0
0.5851008186578069,0.3528729559140562,0
0.7547253325689289,0.4951265660588504,1
0.7996690461130864,0.5352975429921963,1
0.005511663417848478,0.9538889954855961,1
0.36391049382492324,0.4850004999786697,0
0.9064660673519059,0.26588013006051203,0
0.9919170211825252,0.30328183203400794,0
0.3416034821363313,0.7898347646955723,1
0.6294198463591342,0.6522907831024607,1
0.6037897371722616,0.13364871216230556,0
0.14983776716408215,0.16723232294128154,0
0.20849335751427,0.6988623111903808,1
0.048081915395534525,0.829989912238356,1
0.8794821113835148,0.5595418209958539,1
0.5191046619037176,0.8191931302804548,1
0.6171048688426866,0.5186331765858926,1
0.11295749759000207,0.04848339852793959,0
0.010775998563962608,0.8680556471166259,1
0.16807245080453592,0.8433383788912322,1
0.35499547044740243,0.2969374619089369,0
0.9828770435795781,0.08048395507149864,0
0.20521513841968542,0.9184357468596659,1
0.8879974762571714,0.07256757202410047,0
0.7695755096042898,0.9487515639130693,1
0.5593306368883236,0.07099319491145606,0
0.4397327497007426,0.13033058260144392,0
0.07916431609380503,0.8619833714703229,1
0.7267860303623128,0.25326772231531613,0
0.6345068228667047,0.013562498137306922,0
0.993432944497077,0.5755992229974457,1
0.25575611693724554,0.5084953050249008,0
0.6152113744542222,0.5033298634257001,1
0.5315042522004101,0.11730064801651985,0
0.3547704376474795,0.45974480528239636,0
0.6581317115221822,0.4279902627187594,0
0.057908153804723805,0.5407837005088701,1
0.4755813009639779,0.8866423454946446,1
0.7189280472391817,0.3350217240271265,0
0.5166114362603826,0.8211596398285045,1
0.8345468568385083,0.039492050747902185,0
0.5361125631845768,0.10445905054988391,0
0.5001925788759556,0.258915204738812,0
0.3250386414862423,0.49092999273419047,0
0.581579079169591,0.5996320782208087,1
0.048048322263794296,0.978414055008811,1
0.9845021840000003,0.18267481218886839,0
0.3718861221927655,0.03608086689965395,0
0.266265347648194,0.21226606732590136,0
0.7437987592536871,0.1943918469231518,0
0.7703334487999712,0.1495778759476203,0
0.5221696857478367,0.5731676950134782,1
0.19133288940278825,0.2575811896433723,0
0.3535080383886584,0.6658761614950749,1
0.36826231567382284,0.8644247944977056,1
0.3030145299863487,0.7032879350128722,1
0.4458414520646514,0.8063806751630943,1
0.6449382625929998,0.24386640387608227,0
0.49910390851496,0.7671918742467106,1
0.9654990581368268,0.8913302455279472,1
0.05150275155193329,0.9181912429098534,1
0.34514878327460086,0.59412898112897,1
0.03291670777416755,0.35175987540200027,0
0.29750689739451974,0.7491995371495093,1
0.34818163121680223,0.5030644554289694,0
0.5921485513638064,0.2310808779588338,0
0.5790641800929737,0.49598909421724846,1
0.9924807091141802,0.07019152633114278,0
0.8116867714515666,0.26788422795619304,0
0.4708630726272125,0.6490870820854849,1
0.14850929606915875,0.9732423694173834,1
0.797622539916534,0.9352869035927877,1
0.9109001145115839,0.30477461851802623,0
0.038899965238329504,0.8123603690674416,1
0.2517544108662644,0.9266837669775965,1
0.056029100803670295,0.6077828372180422,1
0.9082437251233634,0.4756857225804355,1
0.6894286928241116,0.757950213887594,1
0.5772180793295193,0.40891994380461816,0
0.9106633047587621,0.49532567374090675,1
0.5288844270703629,0.3995339515312534,0
0.8483377265820162,0.3948338964047663,0
0.6256895090027546,0.6807497003006739,1
0.641100511810444,0.7401230466934728,1
0.5412330412710628,0.7399509553251523,1
0.12339456188279974,0.11798587149665418,0
0.009846736583381643,0.5180270684288055,0
0.1950867825512358,0.314082902702847,0
0.4327409519811919,0.9967262679211123,1
0.29196686317611875,0.5062743360722735,0
0.7244172589746817,0.78670544495645,1
0.7933300375590389,0.918654733236827,1
0.16097111829921018,0.8774646143155641,1
0.2787486273863925,0.36147898358681385,0
0.4466689849745601,0.6089459579588484,1
0.3824704962766704,0.07629069388082022,0
0.7483774413219446,0.8320155640591347,1
0.8321370035771245,0.29698234876149976,0
0.42936599549469234,0.7846740653103356,1
0.5170118396407763,0.019212804475193024,0
0.28606420202603733,0.9674162423071024,1
0.12149081141025231,0.042230167151116604,0
0.7264945610834576,0.8895531015410194,1
0.20314432399233984,0.38372727439449406,0
0.8990327838687284,0.9574621119014357,1
0.9746121196355373,0.7886097610221727,1
0.32803321400737706,0.5129474399970474,0
0.021705343070600014,0.9237946918362641,1
0.8493920804608335,0.006617304197777063,0
0.8877894628775796,0.33496276741470465,0
0.09283028468871923,0.5521658213491021,1
0.6274737489341926,0.3922884255047404,0
0.04779623308966818,0.9584753197513503,1
0.35408837181790054,0.48740845515861686,0
0.5465888738120974,0.044740649830674495,0
0.6279312190979782,0.9802935873764249,1
0.033598048082577714,0.13981647344721737,0
0.0933680914261058,0.06823634394384426,0
0.25058874908816975,0.6137004835771456,1
0.850152726775651,0.6696535697175057,1
0.7693974827577296,0.8397545202947472,1
0.6590305785868675,0.7177847567830087,1
0.9292630270227873,0.6903564012472927,1
0.7318239877311744,0.13463717257373742,0
0.045043845110431247,0.9769428005186939,1
0.9599737102721995,0.7506985993897194,1
0.408663528671252,0.8699807078653231,1
0.5991939372610057,0.7326755773730536,1
0.5329074961132411,0.06182854569209151,0
0.6394254715493498,0.7250084958566827,1
0.1345759381210806,0.8339049417243362,1
0.9833958221078479,0.20131623881239813,0
0.6541928705359731,0.0559128767320618,0
0.17391872108770567,0.03919140989695147,0
0.9992616210217642,0.5926183410334238,1
0.7124081723523172,0.11967027154678789,0
0.2652865684056833,0.44767438135261617,0
0.8210930797445846,0.40451413446945217,0
0.8837141310065749,0.9277498429141919,1
0.49963989406370424,0.9159741723075423,1
0.4908973254266118,0.6243684064124365,1
0.5666906366537188,0.23392826057279248,0
0.21772903150391387,0.7873011538534895,1
0.7610364315734647,0.5893140045220585,1
0.8308965324895621,0.9795922881403623,1
0.9534955150135908,0.16168181161779982,0
0.5437769105357035,0.057781214145667725,0
0.47723665199092635,0.6011570858726328,1
0.28930914346806225,0.49121575426973685,0
0.30340468048180325,0.488370213297022,0
0.33309797518767403,0.4592144714817632,0
0.5204606162478789,0.17466195622734293,0
0.7622317994594918,0.012513368410610681,0
0.353872562977801,0.23520918666209045,0
0.02174654295273515,0.17697183285358709,0
0.957696414163244,0.5015685536468324,1
0.8442650073992998,0.23976012379841583,0
0.985767187112695,0.926184529677029,1
0.2019100564823738,0.9912390078696606,1
0.3472099068972153,0.9019361758512177,1
0.8877246937359872,0.7479709952933479,1
0.38299131148804755,0.47048842683694936,0
0.098934005530121,0.04498426301419123,0
0.14230539516110152,0.3854195546978697,0
0.8708523289777431,0.2101433353734562,0
0.55448219477223,0.16539051963294504,0
0.30115197858812737,0.1382912504063929,0
0.134603599333735,0.6558783611651847,1
0.906958405915742,0.33230707680483085,0
0.09065891462820008,0.8652281971659985,1
0.8714715329919882,0.40911917471699677,0
0.4430832836747831,0.3255949219446539,0
0.9847519921775592,0.30345318081490513,0
0.7279385532107584,0.2780499914771192,0
0.0637273153152893,0.37285678595325866,0
0.9563222997519792,0.7081001669144457,1
0.06855117697988455,0.26496362635470216,0
0.26694648515650876,0.8842917244268931,1
0.15137895305065274,0.3730100860722203,0
0.9291913616437619,0.6894951189034743,1
0.3940059936638707,0.7417932165581569,1
0.6408622178428655,0.992573608007228,1
0.841172855173021,0.9924150750436932,1
0.6931309306533617,0.1761254044057884,0
0.07729410013397553,0.7504557184937588,1
0.5694948053143113,0.23009957815274384,0
0.3739623949703128,0.30633094614167233,0
0.4706355986875693,0.05901483405304442,0
0.7102888546237709,0.6819484526695156,1
0.15836108807883242,0.2041291779509079,0
0.3207676723356758,0.588225045407427,1
0.6738509475875731,0.43812408282653514,0
0.2728654414399697,0.8906564667527463,1
0.8842295895544272,0.9959930342261155,1
0.43652715098005757,0.415296667958468,0
0.853173674796498,0.8615123520930371,1
0.12691664385036172,0.5938792694651929,1
0.35288791723681323,0.28275413959928475,0
0.9632388307429133,0.05641563807486638,0
0.06736721904284226,0.9169640694728334,1
0.61485788737054,0.4084369347373972,0
0.3913389624878074,0.760216388579605,1
0.612853074915884,0.38418835416486996,0
0.2075454967646927,0.9998211060733672,1
0.667106457544742,0.3719351139243564,0
0.6888507130490682,0.055353137985666656,0
0.6758720870576479,0.4407167340733139,0
0.4781183651630153,0.9968328508760248,1
0.806769365001007,0.6245295512041809,1
0.1651444586272579,0.6479366741299627,1
0.08141502781127319,0.030203094608403203,0
0.017569244907947423,0.9998579736690784,1
0.5438885106897755,0.7600184328264343,1
0.30427671068520135,0.7722935929128494,1
0.7848957700943412,0.25277473511103044,0
0.19068688713267679,0.16358508314948117,0
0.5192718286690644,0.15896795756753046,0
0.485177343239522,0.8153078219343693,1
0.12395169254851546,0.5336330319139262,1
0.559356610844957,0.14843671242962264,0
0.09937054229822329,0.23205358056556513,0
0.1978615663698413,0.8108535265094188,1
0.4960201773354158,0.9242947323188063,1
0.23996562308193936,0.6379321570306667,1
0.022974260783707345,0.25558687171256145,0
0.7072372887627714,0.5887973601476766,1
0.18367680953136156,0.2171806084931841,0
0.7763841749271393,0.6339833337101628,1
0.807939002091664,0.6537915938021761,1
0.2646039648618793,0.6048787604480425,1
0.7499193655759744,0.1338381000510086,0
0.31640085798459183,0.11146422778332388,0
0.9998777484485903,0.9007630482071877,1
0.04256090694592951,0.584503872122474,1
0.6124832583612237,0.10838589992662329,0
0.6584115041673686,0.2959423039754413,0
0.7143510888455843,0.32077362617743954,0
0.8022728637073183,0.8003189867073424,1
0.7829796628463446,0.48421686953545473,1
0.9864577797683675,0.8792982717780797,1
0.8926433139968833,0.8272943309637073,1
0.6771032727674613,0.10674028882620068,0
0.8243424050976591,0.7563023949155504,1
0.2885828050812522,0.48403423169987436,0
0.5497069915971688,0.4049674408356848,0
0.0827766856612786,0.2582213889270022,0
0.821332660850811,0.9870168941299017,1
0.7388705580923027,0.6880821589494898,1
0.38732135608774554,0.6072726030022619,1
0.6598490262458571,0.5487552075185366,1
0.22042001796822186,0.4508300143514724,0
0.7082089988172214,0.49220128273507346,1
0.7023478208352475,0.05568383587685766,0
0.4235016631592393,0.13209440582560505,0
0.4036813735566499,0.277382579076491,0
0.18321556147234308,0.5539866403145284,1
0.5144156471028342,0.3608632616192323,0
0.6675565994140944,0.4979762481800962,1
0.7551946861123967,0.9034623261185967,1
0.13540674584192303,0.976059005791089,1
0.17353752185865257,0.4603243685120546,0
0.1604370994152906,0.004524291431988625,0
0.35735216551981563,0.9866888027804863,1
0.5282298522700752,0.7227296257836276,1
0.153867361982454,0.19289665752844554,0
0.22009893879097564,0.5298889318813697,1
0.864231088476222,0.2639767450947451,0
0.6462075447762956,0.19313913923113302,0
0.682158020436569,0.5016513748190445,1
0.2028485434048628,0.3428674070337898,0
0.49737896225786293,0.7719045129538861,1
0.20779215497135195,0.3793490235661259,0
0.2795444611106175,0.19957729548382896,0
0.9717621049699474,0.25980029668082405,0
0.512471488777541,0.39987192822625084,0
0.8350753746053156,0.8347974243903512,1
0.8131339355469042,0.9302686891406092,1
0.13763391514289813,0.5297680350244359,0
0.08086055983222051,0.7908767361062591,1
0.4855132892065669,0.14170355662530965,0
0.4396009463920246,0.5176156307382445,1
0.36315762911982374,0.926710905268644,1
0.24944377703846377,0.04071987778254427,0
0.8271226635281276,0.1159518991725097,0
0.8939324137905547,0.33217686920610934,0
0.6557086217769678,0.6973788982891331,1
0.4195111676478761,0.447463721158888,0
0.035652779370263454,0.30221364272566575,0
0.11655675998934667,0.3717741044424927,0
0.7140035541093656,0.16020549787576477,0
0.9556784665878474,0.6710713017249426,1
0.1276485009079823,0.20326045037746732,0
0.06151129339021877,0.2111868400805177,0
0.7119467132493057,0.06255557966430592,0
0.41647208330309626,0.6751752589413388,1
0.5887117831289826,0.505162553669898,1
0.06596471166778028,0.7698550707979684,1
0.46938339925812045,0.9249892337816341,1
0.35249240295065276,0.8912924847114427,1
0.9283582794443797,0.27872855185664036,0
0.7929512641432702,0.05242454554946474,0
0.4778787336315391,0.5866457194732402,1
0.9277469945018284,0.6333267557344616,1
0.8965135696633404,0.13538625086261424,0
0.04468755458502127,0.894790561585574,1
0.30292035077026314,0.30954501992363936,0
0.9245576591536007,0.4860837000543248,1
0.5303319157828028,0.426255183259752,0
0.23209281122150027,0.2870721588390326,0
0.17923140286858097,0.8294835432813649,1
0.9530770402427244,0.3079556189950845,0
0.16638971583653617,0.5733154518065641,1
0.5332300413314394,0.8490514515113922,1
0.7463226673080943,0.8913728243917699,1
0.2919570940070324,0.9194514019334298,1
0.8883731630854246,0.7263470879234842,1
0.5605504548102543,0.8248748119178749,1
0.6405898255677425,0.5701390752313479,1
0.8820241898288773,0.9325827396016776,1
0.19167618922566387,0.3620234372923259,0
0.6856310511563793,0.4669030002041634,0
0.8122332954732376,0.5680422072833163,1
0.27326308162536694,0.22343059852856662,0
0.5324387118046676,0.6006235670394502,1
0.5709738378912614,0.13207795569962366,0
0.5873569618114921,0.5951154897131278,1
0.8656976307106746,0.22873209345633116,0
0.9638818535508071,0.5530090630136183,1
0.014366330604968947,0.10581404944193296,0
0.618621667311799,0.5260638655120246,1
0.42760094156324135,0.8362318609950984,1
0.4682502464174938,0.7764645905463913,1
0.5805351071820933,0.09159539233067904,0
0.7698208864952107,0.6248517542109265,1
0.15215854912006332,0.08519415563934529,0
0.890645751674376,0.37484541335649935,0
0.2048960687289909,0.4461551905420945,0
0.8157346145696396,0.1576986887638252,0
0.9895178623704934,0.032972872911809725,0
0.4921137840557973,0.9461757595714513,1
0.9292739380100739,0.34623458659746686,0
0.421004167791042,0.755400017816319,1
0.4649708886527162,0.020034815912706616,0
0.7571248687397695,0.4118427208035925,0
0.7311538810768758,0.010460164682680517,0
0.80478030014687,0.06995585300196638,0
0.6982162894734265,0.14302345722918897,0
0.7236839512675398,0.7400441482983475,1
0.5138257119987697,0.7816277989438825,1
0.16607511106355144,0.6072016528629609,1
0.45534799939845105,0.3883512170557383,0
0.4104589079625497,0.632543559310515,1
0.9674006962961338,0.5003569950082627,1
0.5192531217917951,0.26869793532777597,0
0.2677111706038875,0.9724200072479501,1
0.5587098457364303,0.17390371729296739,0
0.1161942800094462,0.5194313043697187,0
0.42181219706659745,0.9164563819080167,1
0.6996538479479099,0.05003281393412995,0
0.3073852972334993,0.3776244054258444,0
0.41102700347883403,0.368435494898963,0
0.37183467567012185,0.4303570154005383,0
0.8968137475570741,0.3862664631933773,0
0.4902627609870499,0.8398077236334122,1
0.3662322360298774,0.0015344952715654614,0
0.17242502967730566,0.18470564920978283,0
0.7649011652928145,0.16986093690395376,0
0.8509711996381645,0.5890582417116367,1
0.7891691075201003,0.8713872564739888,1
0.8197697706635154,0.1234266573619498,0
0.9765575046983399,0.46586578669064216,1
0.23274594781635916,0.8744570999655382,1
0.06809467218192,0.21646203676906195,0
0.391134028551298,0.6702158340765869,1
0.9531124811839399,0.6711457833505503,1
0.3787742770424276,0.1378967215936655,0
0.6755432884996768,0.08820327554645346,0
0.6648664153380742,0.5510056696673483,1
0.47140387127252836,0.01965975336718473,0
0.34796165558117775,0.1116978418911907,0
0.010515362951910023,0.14591336585324377,0
0.85340400143251,0.6745380983868882,1
0.22647278896539158,0.45149856175872793,0
0.6668758328818657,0.766952278070111,1
0.7206024554619305,0.6313752153543916,1
0.5214627916960656,0.2842914477654329,0
0.8373399900946519,0.6743053536647533,1
0.26028615904449337,0.13668209829377054,0
0.14094334457546343,0.5994850494248747,1
0.2603369269635779,0.9551695218892584,1
0.23657634330972754,0.6647141595739142,1
0.18713282283170574,0.5575360436765533,1
0.07455271082500647,0.7612104036565595,1
0.23014728100404847,0.2359300459707363,0
0.19126234682159815,0.14018598653317926,0
0.46167348625739446,0.558251496065079,1
0.9557559525266496,0.35335110854695373,0
0.3987305562283081,0.05090410764070874,0
0.2281766618095622,0.4697607367662445,0
0.5097343760526445,0.9818774946110771,1
0.5714925882979768,0.09975508155192858,0
0.7483838886815742,0.7402788633677112,1
0.5633680974145217,0.41530925401691954,0
0.14967388612700872,0.3258713685034128,0
0.8749261491492599,0.7415447299797034,1
0.9945163537774059,0.9619373085562929,1
0.39202387258501237,0.11311097169806161,0
0.8880622053564634,0.5943225096257109,1
0.15654107991807575,0.9340756727988075,1
0.057881233541919874,0.06424735075795018,0
0.1822768321259568,0.8782918596634741,1
0.8451105091796797,0.3732282144992921,0
0.2796538720114634,0.34398359023669023,0
0.6178686462537701,0.8429927388342101,1
0.6277343312750036,0.4032675865042842,0
0.04869571532328398,0.3452642280388243,0
0.22291562266894516,0.23282700158853387,0
0.6910963101679372,0.6672529011118846,1
0.21215344877319664,0.9164135214707618,1
0.03915008002172371,0.216861998375671,0
0.7286400035286656,0.5535347531225869,1
0.1353476060491956,0.9236782235834274,1
0.4875827020517881,0.2828661966711228,0
0.69634561003044,0.846830656333234,1
0.9612252032183808,0.8204625852895555,1
0.6658629807306182,0.5819599468564778,1
0.69656299470263,0.12101334456820323,0
0.28665613694036096,0.3254147000768506,0
0.3662223053402215,0.24022362628041993,0
0.8230769082841316,0.35921964014378327,0
0.6337530781834051,0.5621810676574808,1
0.9005481073328877,0.801662652301867,1
0.87783672426741,0.833181832417524,1
0.18936526647004626,0.2176198870077708,0
0.5772850398297052,0.7029831641403035,1
0.41342022294090597,0.6842138175311859,1
0.3577035276322539,0.8899877244212333,1
0.5922505265039593,0.8300453342978389,1
0.9163679222831359,0.6897401295379967,1
0.05126330747492802,0.19065366763533842,0
0.07075156868272614,0.10366397930669025,0
0.11865023723190626,0.8614063459096233,1
0.8239410238440661,0.6487561597345488,1
0.5095501714300359,0.38834277987904076,0
0.9778788884999526,0.7734448058076709,1
0.4489338352886557,0.47651097671861786,0
0.3872304291958667,0.5557266714391189,1
0.45739485734664487,0.7915196760322956,1
0.3114008817961984,0.3845214707225445,0
0.27211904798187936,0.4626686299051813,0
0.258172754824877,0.06383723974995026,0
0.5840185352560485,0.5485009491924396,1
0.41167829513205756,0.449312659606274,0
0.41805142940079476,0.18462732235534074,0
0.330120844094114,0.231363714792858,0
0.9731813180193771,0.0017170967092858813,0
0.3082325504650828,0.7494275729478752,1
0.9356998242904692,0.971765440998009,1
0.7136338549673091,0.5333842376473993,1
0.42013880161666095,0.828337316722243,1
0.3888198539182969,0.8313536767843739,1
0.378885446882964,0.9700294856473808,1
0.972052730275417,0.28972515850255287,0
0.6430946046094398,0.15225042915885734,0
0.06424807973311208,0.2020947524304959,0
0.9823257253296515,0.4243553078128508,0
0.7365646886394791,0.7426606570414684,1
0.12633852747989527,0.6256866110328185,1
0.7273579956786989,0.7713518216613263,1
0.8004018722493987,0.34118008191001203,0
0.3348222855611541,0.8223028031672345,1
0.007326701711330097,0.38978084378678235,0
0.1415449629791672,0.19565920942479975,0
0.29929485260311395,0.8873435552054397,1
0.9636219284880371,0.5037483330370994,1
0.9355803122421634,0.5974943615605564,1
0.9957620781227222,0.7508219192807439,1
0.2670278192832396,0.8661785923023239,1
0.9614096460829473,0.25730735359241497,0
0.8548524722352954,0.2740426877193015,0
0.0836839701580675,0.3628049905231572,0
0.5996637185283137,0.36182380328814323,0
0.4321025672621591,0.8873231238293258,1
0.7788476249552553,0.1973735643712452,0
0.36264316107765837,0.8867841924816622,1
0.45855621699025384,0.5248873059881479,1
0.7862823187704306,0.23386123589696872,0
0.2195527853744943,0.346012445430958,0
0.42533237253064426,0.18989750016176088,0
0.47675176773925887,0.19525722480704033,0
0.5942998078310409,0.6947321143625255,1
0.7831715623919406,0.9591578554473755,1
0.7416141671148812,0.016587857172405296,0
0.9680309237472239,0.9229556500294261,1
0.07059920628816152,0.8646102300875828,1
0.11780099678106637,0.7917215563273188,1
0.06768079355264789,0.1258701415494501,0
0.5648206756655297,0.5326993579893007,1
0.9191452819768782,0.39650102064393355,0
0.3532439177388256,0.5877243101817042,1
0.8646617013075645,0.6901488459138136,1
0.5389858259245587,0.06067067710971452,0
0.9113865824520287,0.48406249946311997,1
0.5853655751170559,0.11941275184248978,0
0.34875614269868815,0.7043960279377964,1
0.3526763896308053,0.9094152374040496,1
0.3097793147501683,0.15972759506344392,0
0.30747081709599355,0.09572033707766003,0
0.568794258619063,0.5911787770615441,1
0.045800192129222816,0.05279697960432883,0
0.31608952981918736,0.33275797913177685,0
0.5537756343661886,0.09789029307088315,0
0.4631766772271215,0.3747464421635095,0
0.7947967333839724,0.3604726265465288,0
0.9069635631952527,0.8426316730167069,1
0.2166854381644906,0.6412369066565335,1
0.6718932405143138,0.31270397865142563,0
0.6766462844337029,0.9076369691994177,1
0.11815795975747956,0.8443744535584422,1
0.7540733923830583,0.15139711534172284,0
0.1064257704175341,0.0156725468170561,0
0.3334985550203078,0.02527159773959964,0
0.3731711131216331,0.39101801945759107,0
0.8551167795463557,0.028237175756812727,0
0.27289384289645435,0.990791867034836,1
0.7718114918326782,0.08958879689703292,0
0.5703908790670765,0.8449576460885305,1
0.14577596290638317,0.6087404764628985,1
0.9085758422498922,0.10498358356794313,0
0.5158904617557543,0.12484831241202943,0
0.026226069799338947,0.1665757581373255,0
0.9216288411401519,0.2607256276669122,0
0.3520473193861601,0.8715546327640057,1
0.9896779022690976,0.28512863982236014,0
0.6136844468967402,0.0031589776319114193,0
0.004493421144854182,0.7851407782392742,1
0.6039280569906285,0.00569623333682745,0
0.6965461625656132,0.39441561846870254,0
0.8197081292339123,0.6360633615201294,1
0.5416727275193339,0.552319900419751,1
0.43717915601421753,0.5369071523477007,1
0.5092548566641053,0.25791007051224624,0
0.5822256151529668,0.1427603594909267,0
0.08192745817474001,0.5102733663972603,0
0.0887228714913938,0.5145465890215231,0
0.48969156638667144,0.25143078759367343,0
0.11557874409466984,0.2672786652191963,0
0.04828202279184146,0.764075761567445,1
0.5082420464004231,0.2602117748017767,0
0.7177843929611533,0.8111784095537644,1
0.21877288701827557,0.3716920729301352,0
0.26937504143656765,0.9741145486715433,1
0.3970075549516592,0.14723400036256407,0
0.6163226621894523,0.7515067529330441,1
0.722620522127036,0.2295566277396024,0
0.09614337835864706,0.07908890285631853,0
0.22769806307526463,0.021807866400851195,0
0.8333679836070016,0.27711222846364925,0
0.9832678847145557,0.8740219962128741,1
0.7237798606070088,0.9477607127314339,1
0.1120242384130199,0.3154117081738219,0
0.3725055013819015,0.7805820171678133,1
0.3867372938134598,0.8463686450557414,1
0.1409026004356364,0.5050634375672879,0
0.14428637239897313,0.6890625330598499,1
0.6078939885620538,0.5498802500314414,1
0.3196115762886448,0.0014644321616256173,0
0.35311109058138623,0.20806073579771012,0
0.7454242932175508,0.43527209147726864,0
0.15517040622370426,0.7348020012467582,1
0.8205609634067489,0.419277427800161,0
0.48026593457477285,0.7459545952565257,1
0.8384480846754385,0.9710776015241754,1
0.6887468398662678,0.6454415431045776,1
0.17010368777944607,0.2026783779741943,0
0.11329261793374812,0.2767340261006541,0
0.5338956019634327,0.31453982862206087,0
0.8020490528513498,0.7544041401836024,1
0.23507736458718154,0.5727145892918494,1
0.9071045536184249,0.29466806168439186,0
0.6945860484223133,0.22414700267160936,0
0.272028893566024,0.9951035081581701,1
0.6641938289374602,0.33270111795387713,0
0.04656384817818204,0.8436010233711987,1
0.21326268762448464,0.8054525001124285,1
0.2786618430297082,0.2927017771046334,0
0.6063197325637555,0.7587123444601662,1
0.46365801904561954,0.7310059599904255,1
0.7042472419511479,0.832673122449437,1
0.7716172916734944,0.6077625394794263,1
0.20204806757031235,0.8287454062311937,1
0.8102799331805429,0.7898712068238218,1
0.32020594899773447,0.7601560699246335,1
0.07755073170625937,0.6256107269862274,1
0.0999924020009254,0.7869793087223025,1
0.5021016436464698,0.49205778062026106,0
0.9742712149087303,0.622201690318907,1
0.8590999429461814,0.8538960431410776,1
0.7080463695962433,0.017783965142358138,0
0.2606119813000509,0.77376627028071,1
0.6998217052713631,0.903022487362518,1
0.7310978468840478,0.29051225844758133,0
0.2004976099838649,0.9045738947401923,1
0.18724417424055084,0.9352118495000835,1
0.44616676791956733,0.08401129166641641,0
0.037961415749402705,0.5095220973175266,0
0.8305605067609627,0.39752293167492514,0
0.20315983877449972,0.4075781948414523,0
0.7076081252122463,0.3804602956503611,0
0.2847157138231954,0.8493359456105593,1
0.9771936556190398,0.8179675850071393,1
0.790124659395845,0.14624159453760044,0
0.8196516751288819,0.10952751512209591,0
0.8466606229481053,0.7784812057283842,1
0.44406567101441485,0.4049465741531554,0
0.6724613795318761,0.8272244798318331,1
0.18033337749429923,0.4118619891825708,0
0.48962785419683563,0.6256337328309013,1
0.339897833178321,0.43404393512618455,0
0.5183087911462115,0.7616123374524545,1
0.31489553325903985,0.8277876135682947,1
0.727271500212533,0.35497497342401974,0
0.9411801397899698,0.5324534107520084,1
0.35220698727716393,0.9201551763850075,1
0.5940019350182583,0.6640241067933909,1
0.3498224039787663,0.31927980076137574,0
0.17946762655563675,0.01776257860060404,0
0.8360682863088121,0.8137068960117128,1
0.9138124778335631,0.20272318129445144,0
0.7769796662378193,0.7323760214292759,1
0.42637007390497794,0.9859310673064116,1
0.8768971744750417,0.6139135695070066,1
0.5947252025829822,0.25711512667345016,0
0.37640391672440066,0.11153948699760652,0
0.6844758459730858,0.17564103789060204,0
0.057410527663257604,0.6467264761184249,1
0.5941662944873081,0.19696051283806537,0
0.720255338674427,0.1655136980775036,0
0.19231178954699457,0.063376160667448,0
0.45426990538325995,0.05215979356928424,0
0.6912236850122248,0.6176252763892452,1
0.05242142755902546,0.05082079191843514,0
0.23180702881886928,0.36082182970173304,0
0.7517635049306627,0.011011611818549483,0
0.0956996467397041,0.24890670482963917,0
0.5850709508059915,0.34716848524983923,0
0.7562083376740703,0.8247498594406993,1
0.6931191347056488,0.012873902564183415,0
0.2921469655484771,0.3277317609348196,0
0.4860129265564407,0.23458137492393383,0
0.18237077471054253,0.8884798717918329,1
0.46646307128156783,0.8422924955148648,1
0.46531805844894925,0.23490339741849697,0
0.5568309887383183,0.5173227131968217,1
0.31383308215884054,0.9251530124688169,1
0.9311608773257387,0.8968873909776964,1
0.09604775085738093,0.9228735176608375,1
0.9589477557860273,0.6357793359367881,1
0.38033396460553215,0.2082665238228072,0
0.3865324109047169,0.8352496743463544,1
0.7113767249759058,0.5379941568775349,1
0.7233172139468992,0.9686578778000254,1
0.38365098780949813,0.03551749082479527,0
0.8776267147658294,0.9104824119694848,1
0.06099333195573908,0.00959345930326938,0
0.9039937883919335,0.6801791657215077,1
0.3251069571430675,0.23137945067856447,0
0.7736335146630251,0.5436976830167322,1
0.26987432055847727,0.3882142992792996,0
0.8427427930247987,0.03671563480527362,0
0.5158250527659779,0.04093245419754121,0
0.28850971281491244,0.5572268365395999,1
0.856160232227735,0.03900083017098499,0
0.47470663615126607,0.6817912296975529,1
0.13237329081226956,0.6337255926960857,1
0.9149383256332517,0.6192814458464769,1
0.11101225141642979,0.017603879910798703,0
0.7514786467604558,0.39430755204472356,0
0.2379023093965874,0.9194779338718326,1
0.5073300478976768,0.3487350639374631,0
0.5583778900741604,0.36890307028391056,0
0.7099917817296294,0.49836267830032066,1
0.6511693728042595,0.2796138707836746,0
0.21969622840044556,0.03593286326982015,0
0.34893213463307926,0.7473679456129573,1
0.43123916331210144,0.6083622643773111,1
0.312130134809812,0.43211819824275866,0
0.6875494014221759,0.2607595089860979,0
0.28630753482725924,0.8448866029213696,1
0.2426734662941703,0.10770229616911975,0
0.016849618616441964,0.7964327123233377,1
0.1714174583861353,0.9421289679637151,1
0.3203684834195091,0.7224553592067077,1
0.6180201525874727,0.8887910784563076,1
0.12420469241482501,0.17140225246008123,0
0.22984338706689023,0.7428521964702622,1
0.9867536839058102,0.21596225741569375,0
0.20031052831201013,0.43239323423655407,0
0.43745990860569905,0.9328686650971705,1
0.8678345053922722,0.4654551708986425,0
0.26342780352044737,0.32949027031593725,0
0.35290953599582187,0.5027136116527675,0
0.7054586279552666,0.5513205951653907,1
0.6067811659733214,0.32229604103741594,0
0.03354648883252709,0.5801490176145924,1
0.2203250082387409,0.8489018280507985,1
0.35461677471498676,0.8412877901299185,1
0.24536209379496876,0.12760506513408199,0
0.5626793331622068,0.08320185248780632,0
0.8508436492157714,0.553050675649317,1
0.3646281644620717,0.42687851240444397,0
0.13222185177844514,0.5719629085814921,1
0.5514422338536873,0.10995014325023689,0
0.7672240065130985,0.3649522767711251,0
0.8297407682200911,0.5208092395087877,1
0.6040329882659815,0.6779848237689952,1
0.24300397636278537,0.5053767001767341,0
0.8660482155977584,0.5413205983128322,1
0.596315784931197,0.7614385269160141,1
0.15924270217144532,0.2605614956648462,0
0.1610490163205418,0.44351611721475004,0
0.7888272076992249,0.267682276998943,0
0.9813931094566389,0.8133472673379306,1
0.1390901460329662,0.5510258284700416,1
0.10818653721926474,0.9446777501227203,1
0.595859142223096,0.4951876864256688,1
0.23204313061660042,0.5011003156627575,0
0.259066052098441,0.24354573420206427,0
0.37016726329106386,0.7116988739647873,1
0.039865120860618664,0.5281297604308913,0
0.7261913352473324,0.5397265858767796,1
0.5204647078082434,0.2766003261783807,0
0.6014692340641985,0.3841491852942013,0
0.10087522564566442,0.7140209437218116,1
0.11131498679134033,0.8292176960799126,1
0.6831354767240804,0.9333966547849917,1
0.27590673184857906,0.7521471097815432,1
0.6892643685149993,0.731662539312958,1
0.9345017920816443,0.9087330219976648,1
0.9178430870732187,0.8562346905465306,1
0.13938540665613874,0.6139785160843535,1
0.5965016282475158,0.011099707597193142,0
0.6191552405010365,0.8184661010820713,1
0.40537299595780063,0.24646306644004468,0
0.9299226423673538,0.6061193975499235,1
0.8048595237099884,0.10658302114919183,0
0.8737328592078533,0.7095046585940147,1
0.6424310879624477,0.2907880134850116,0
0.7030481860904946,0.41718064959366197,0
0.49202795051404147,0.0040680113208168,0
0.44512103172945483,0.2645130035747639,0
0.8111984452039319,0.5685559031881445,1
0.9262164489246664,0.9063743045887757,1
0.8265346785020573,0.8861924390933323,1
0.7849849045240761,0.8152928323942051,1
0.5850376096379721,0.19966784830847595,0
0.6955050889417134,0.920452080553647,1
0.33857282944383094,0.053820062219864906,0
0.99550962134441,0.6363425164843145,1
0.2395367804537334,0.759062284282373,1
0.6966777002090386,0.5424939156021724,1
0.4593241542835774,0.9658391790632473,1
0.055958645201440005,0.4259743608184102,0
0.11380940351015256,0.47104832606864644,0
0.8053856255844168,0.599810042637185,1
0.6496132147297897,0.05672936875946277,0
0.2166154121393794,0.681925398179078,1
0.4333737739930429,0.5571824371188739,1
0.47999137538065373,0.5320587223943508,1
0.4368164273254691,0.9025708477539574,1
0.12980931920463368,0.3881106962109725,0
0.07321294807732937,0.5406720087234022,1
0.6629497108361241,0.22733040834860851,0
0.6430200843172392,0.8505003744306262,1
0.7510474433281913,0.07917179563890042,0
0.44075957859558645,0.1224040960946563,0
0.21402917519759823,0.30059520567876874,0
0.3511749404800486,0.3632841226267176,0
0.769714013187941,0.52412625566437,1
0.3677818513445108,0.6773821352292584,1
0.9825794550580689,0.33891462566343,0
0.6295981535742426,0.40508924507676125,0
0.04793026176592796,0.44022393589438,0
0.8484813973137756,0.2039327765969502,0
0.5275941831525199,0.7036971779917179,1
0.2727503118894904,0.5945971441142152,1
0.773509550031608,0.5423975704515612,1
0.37980523117710785,0.6549019627461768,1
0.9843273486953878,0.9348089650722468,1
0.6156705794223332,0.6159435893869659,1
0.5409689216638309,0.8778920101682716,1
0.7485146869931053,0.6418888088475163,1
0.8348412407673624,0.8273719067027447,1
0.03414816522145969,0.8316224641417247,1
0.5546277872032516,0.12110543078589331,0
0.8189514854030409,0.7584314324074412,1
0.003536211034456893,0.6064346771039822,1
0.26686227799529416,0.4499437425002478,0
0.03118080837680226,0.8794330685003345,1
0.9510316286640133,0.893630582380525,1
0.8095461686384527,0.6159599590718231,1
0.35831894228974914,0.4296675306185903,0
0.05194184546432157,0.1424100575791304,0
0.6307046952404305,0.2746995095220057,0
0.7769612200373087,0.38197920355408377,0
0.7824840223843496,0.12517819372173034,0
0.9717998734407066,0.3499564955937624,0
0.6778101177108772,0.37333806219254606,0
0.4732204225424539,0.38013762052637623,0
0.6793834926199854,0.7567330741182708,1
0.17429873378101068,0.9295952925682753,1
0.49066486639448936,0.6190738178093734,1
0.035237524098656214,0.8856857757855208,1
0.08118349170503403,0.6933779079375276,1
0.5043454384063236,0.9851203009353064,1
0.7055717262162948,0.30215447392806893,0
0.990276481163548,0.6252613757536901,1
0.2764548917911327,0.5306566163833467,1
0.5742196528323825,0.4880036104951294,0
0.702602933175376,0.5146027544163875,1
0.7821547305234732,0.3351001460759887,0
0.311341433826123,0.28297259561484944,0
0.30003812163784926,0.9340160378926421,1
0.19037621671167682,0.7062856334581037,1
0.18669406905943942,0.9912912576451873,1
0.030679043754909596,0.631255894224009,1
0.5558746305930794,0.3735519925459445,0
0.0924814206567045,0.034537501287571826,0
0.8948207498946025,0.8935419190076723,1
0.8358465447298372,0.9635955244633756,1
0.22577109450070998,0.38688117726542304,0
0.37982610650657145,0.061948767434736984,0
0.8119003125008036,0.12130564457308912,0
0.12730534138236815,0.42628675651523196,0
0.4574283295110574,0.7516400764478615,1
0.7913851131965182,0.5088660642413134,1
0.501045635866476,0.8748602238609743,1
0.6012713117830543,0.7519936420623927,1
0.27620844937710065,0.32249006002754954,0
0.7343382612126862,0.7513272670136214,1
0.32622926941004127,0.498843109455019,0
0.9863732701175346,0.2857200182348759,0
0.20104707823589618,0.9885242844912493,1
0.6285138112620324,0.2888089890702392,0
0.010532549125246371,0.12435783399338618,0
0.24240613687684476,0.902316960079988,1
0.32487732551927806,0.4702272901131812,0
0.45947897698495677,0.32483261327078716,0
0.1966874633147867,0.40516553205326933,0
0.15132774251241543,0.9955736086687803,1
0.7834017946988554,0.4378585691010418,0
0.9224372522896856,0.05315353610190354,0
0.018329053361247793,0.7375932180927343,1
0.12628854879607787,0.3343386187914933,0
0.09714030675204299,0.65128882718796,1
0.33884997065451417,0.07874272091604517,0
0.8806864480449069,0.4469023951258574,0
0.8846745216507599,0.5354071866415359,1
0.6990281609090603,0.3981612752250796,0
0.12121084785573977,0.17728447871648878,0
0.6524189103606737,0.04300547696814272,0
0.027435114344258493,0.13902415314523486,0
0.3138763106352096,0.1192419228926358,0
0.6586526549655038,0.4569215435474605,0
0.8952519450373937,0.6230141866632412,1
0.22419807333948305,0.6908045634427531,1
0.3088358979759761,0.7608739263753044,1
0.9514465450723895,0.5109451068929028,1
0.6995616215776943,0.7306449976730054,1
0.3234705255762902,0.33081768009744583,0
0.09394619358264322,0.3360544521035548,0
0.8850030794233543,0.9542614005614174,1
0.5134306932244495,0.06805815007922167,0
0.9358784708953429,0.23942594979014464,0
0.42769578733317526,0.9906249377293056,1
0.1807561164442283,0.5544379171276937,1
0.469058640451531,0.8299451908042882,1
0.06982039653157102,0.48082553391581284,0
0.717844551760927,0.9899281407283068,1
0.3035360462347476,0.637431446387936,1
0.19306226125615789,0.4044057978602952,0
0.47984516781722497,0.5420713611312664,1
0.5627321087643804,0.2856661428906926,0
0.9338800670870848,0.14868918716293822,0
0.18608171080869262,0.9413496475298145,1
0.3163971356521317,0.10389276060448782,0
0.05406561853179925,0.0801768750781674,0
0.5098998243030863,0.6137200686345945,1
0.166717762765906,0.7403633986292543,1
0.7913472361643445,0.6022381988268989,1
0.8199076611275411,0.29284588185501514,0
0.687594472425223,0.9169979282114475,1
0.10794941538114666,0.006366087710533264,0
0.29817973237767426,0.4430592321190997,0
0.3209051333801751,0.7391888077301386,1
0.7591277222949387,0.5771302485745443,1
0.07120606949860231,0.682101505623251,1
0.21457824773949374,0.5396696589209804,1
0.9004754294846185,0.8146229736721494,1
0.007163560543950287,0.8690432565860327,1
0.7208837211204182,0.7238801930342507,1
0.7302603967842305,0.6319932783496772,1
0.7567161253557232,0.895089313798296,1
0.06901898040779375,0.407960904670723,0
0.8364100862833855,0.7971194249655104,1
0.09461207456587817,0.0582453818101526,0
0.6515056641196553,0.03149848148101253,0
0.18384455392203702,0.3226011594623559,0
0.30191686984672106,0.5064496487301369,0
0.49572400520809023,0.5033338186640357,1
0.4263634940495663,0.9391468218350617,1
0.46185551548532455,0.27948617476536586,0
0.36031251607632797,0.24803336045751834,0
0.28995891957544995,0.0983495018091225,0
0.7698969103838258,0.6837412483899079,1
0.12278792839011332,0.6071857767494485,1
0.6206166947480206,0.06382967955672392,0
0.8856500344362815,0.5092146429555398,1
0.33416592637747233,0.9468818434032129,1
0.5749926759723321,0.4557218385926871,0
0.46686603853108066,0.8495359483299416,1
0.5063392457198664,0.2161844837572291,0
0.8604062688503911,0.17659971132202212,0
0.03798837681572165,0.08072221057733409,0
0.14314607764994436,0.7982406557688503,1
0.7369490444453031,0.8165435113097387,1
0.02843471027063782,0.931107787159807,1
0.16421805077286866,0.45264329012477533,0
0.9172272016710301,0.9796897871839535,1
0.8668718396742093,0.882667030611549,1
0.08945554697578573,0.8553229176603068,1
0.6004477046125404,0.1940217800519024,0
0.3872667406563661,0.580649242480836,1
0.2993251033819283,0.9796846363264163,1
0.19898299814128761,0.4284310411758826,0
0.03366765929192095,0.12214042748825316,0
0.6814344203084838,0.333145211161612,0
0.10336285518000232,0.2530563483497399,0
0.007808831564263596,0.3866065003553155,0
0.708592884136081,0.7849565112640726,1
0.6786308084337227,0.08728335202661264,0
0.5344812582576415,0.7672334013065447,1
0.3121751048817204,0.1352355972762097,0
0.4640245834053581,0.0598229797498705,0
0.8320427421687995,0.13745383766204833,0
0.1626572814036229,0.22564483587276385,0
0.8661844913412686,0.4775659165279629,1
0.49880886969909544,0.44321367513249044,0
0.1933749460714569,0.4152617853156624,0
0.8534172584430513,0.7051249217890101,1
0.5751312487170473,0.44187168716022274,0
0.22409723150579375,0.16742518251767802,0
0.4717918401094693,0.027057884886163452,0
0.798166776004121,0.38313491889466034,0
0.8478878513553623,0.060794081546607814,0
0.0543922058326991,0.191757096323239,0
0.23690248958103333,0.2380754610941438,0
0.7587249800874917,0.36625475737488367,0
0.6570802462666933,0.7589080194601437,1
0.36667956442955907,0.5679741755366313,1
0.44924514996713505,0.6854674950452221,1
0.28839899486575893,0.5571374032585981,1
0.13109896910084007,0.3223219251914451,0
0.2950938224474926,0.7103386321105166,1
0.48835254821028906,0.5272056792387962,1
0.47141250320060657,0.6096996866129116,1
0.7486163792026304,0.0759172884033894,0
0.4157658597956193,0.5549138743319839,1
0.8415972256467434,0.9879325502801817,1
0.10893204124187728,0.08475523489188974,0
0.6337102384395984,0.3713010390167458,0
0.9064463254727088,0.610448414847451,1
0.35862779975659753,0.4016086185488753,0
0.07628537898365362,0.3429599605723048,0
0.36214463834893373,0.6710400876453722,1
0.8139457708390243,0.36386893464434955,0
0.9302221223152933,0.6139552974272839,1
0.47885138542110006,0.7930022449767669,1
0.6864977260460619,0.7138727100553038,1
0.8151399871343428,0.8262811367268899,1
0.7365421267730707,0.9045304381722041,1
0.8734679487893241,0.8492119802785959,1
0.4055840890281809,0.5008536389019684,0
0.551715659587186,0.40630858720327745,0
0.05929363451609038,0.16814846165255481,0
0.35719914954058574,0.015196470019494646,0
0.21138152284730927,0.5320476224147234,1
0.4480249801791848,0.3150102314425304,0
0.29049297899016724,0.6097856201947575,1
0.5468814906741959,0.3611658348563005,0
0.9951328553605733,0.6184523616306614,1
0.786895147893713,0.41095740942833536,0
0.40738897199007007,0.3476609311523534,0
0.1266807205701711,0.9407528763134083,1
0.7696025957452108,0.34722733309326925,0
0.200474053554056,0.051214315984983605,0
0.22524690463980857,0.006211292646108646,0
0.18077106937758336,0.435388408797609,0
0.17937065228596072,0.021345374084297264,0
0.24042126505949935,0.3835731530224009,0
0.8424409163502717,0.4925816352221811,1
0.42963358510352456,0.17238680821704422,0
0.487913791133157,0.3647218105138843,0
0.46249730425234015,0.34583635502785637,0
0.20653054796262027,0.38395481965394573,0
0.7920380436554655,0.6387847220584555,1
0.3621857438488777,0.8569102919665821,1
0.41194032091831145,0.23285734492041743,0
0.046731855760614005,0.34601370879705895,0
0.44192190634813355,0.4151986220328431,0
0.11786051618707749,0.6579487422921163,1
0.9484928391553863,0.7744493111575056,1
0.9964698888022098,0.7599623087873025,1
0.8637972668112718,0.9278480381428119,1
0.9282155272379778,0.04865332628435837,0
0.49659644765057864,0.946763886529637,1
0.19464127590156943,0.9512327843783338,1
0.07781398975035936,0.9257080205507524,1
0.18480232048117073,0.16048786004628124,0
0.6298303744066562,0.7734477717041588,1
0.2314129383012261,0.915057704099067,1
0.29443785765221964,0.47925900304047764,0
0.9499886780268931,0.029136881142375004,0
0.03453188058465073,0.30182119968061816,0
0.7726377629818165,0.1471531962110092,0
0.12010346925183712,0.07843519445476954,0
0.1827187491377964,0.5417317580780964,1
0.6273085420332006,0.9872562464467985,1
0.9098341106435083,0.08396062318418818,0
0.7543719441276311,0.5786017375897432,1
0.11533936634130781,0.587145874325521,1
0.8973109929263403,0.5203791237798739,1
0.4600332887781651,0.14825307698408108,0
0.6054692164345598,0.8990967242019546,1
0.5522854921049052,0.849317688090314,1
0.39569247860768453,0.2978053988318856,0
0.20515307217017753,0.45028654069635066,0
0.276088393126954,0.537146518029798,1
0.4787684352229826,0.5524049058320863,1
0.1717307583879577,0.21780992826294854,0
0.7939866649456253,0.20254057170043882,0
0.43715461306027026,0.7510894939171181,1
0.5948692947324559,0.6415754340546787,1
0.08987453540582424,0.8829163961138403,1
0.08163149034220218,0.2270212997643999,0
0.7570929712908765,0.7484591088270327,1
0.8897889932843149,0.36407876144457363,0
0.49212368392704986,0.04722578798527155,0
0.88192392573688,0.7394886240308712,1
0.7902997086064438,0.1979424862404331,0
0.6238231475825156,0.9249019654462357,1
0.0745881274665986,0.6311708322994066,1
0.8863375607196182,0.0008401689511927657,0
0.19880490792223637,0.6439956385862692,1
0.8357836119673003,0.20658091133288503,0
0.39489738888242454,0.6329961975693096,1
0.5734405495968312,0.7739460558654685,1
0.059757080428384124,0.28495540205364855,0
0.5925635210342968,0.16592267901127744,0
0.06374224002441908,0.2146182654038803,0
0.724522903077137,0.9838738433386136,1
0.7907489976394634,0.08219252626211793,0
0.518167345053474,0.13405154003209918,0
0.851758201225694,0.707986431053494,1
0.12054524328233318,0.32104476739126675,0
0.23154992358509496,0.5999955301479054,1
0.8898808359004637,0.7351500478533763,1
0.868595468645686,0.44783140534698274,0
0.19794348689654617,0.26207176534899224,0
0.282699815290281,0.7242649425755175,1
0.26284799508866774,0.33866456964750724,0
0.6862171822741896,0.8012700934641203,1
0.45903371518719527,0.9190181334216208,1
0.911983842917675,0.5498262814838382,1
0.7651929365725674,0.04148867787016175,0
0.5730470569541091,0.5233826839061079,1
0.981405554226529,0.3420818501765993,0
0.22820844343649815,0.22446599003431822,0
0.8122742380830739,0.3175680839482232,0
0.8086671282543819,0.7894914923556255,1
0.3043584091302689,0.48286659714009517,0
0.4102634394472878,0.10817625369522876,0
0.5185923575196323,0.4505609849748694,0
0.4826237681777561,0.748927275441862,1
0.07100155778491757,0.3946861298727361,0
0.7387451835564467,0.7325557464768143,1
0.6001648345488593,0.2286094099688667,0
0.26210563042996304,0.9385754421151177,1
0.157926896331121,0.24562542313208835,0
0.6891538987357514,0.04145281106488263,0
0.47423606837241483,0.9056721156238835,1
0.07628492750269777,0.26377228511578676,0
0.2943442548996523,0.18134279000488096,0
0.8732388261931797,0.013928226836803614,0
0.9899846532639652,0.28868166623462055,0
0.13209296076965105,0.7342366108062155,1
0.037380542667331706,0.06142773744036367,0
0.9950093067604308,0.6739575505291421,1
0.8793771033329241,0.4426505910827103,0
0.05780365291773004,0.9650455048625746,1
0.6291357231283381,0.45150262509679584,0
0.8353863714683956,0.11959066093455317,0
0.5161755034774353,0.2737663978925017,0
0.16634444099194012,0.5420040025153031,1
0.7905552307695788,0.7072823198075504,1
0.0648574074595969,0.38258161061782625,0
0.38671433703536606,0.6285540623428046,1
0.850191316676948,0.5120145486355141,1
0.913371422925787,0.8300394766101139,1
0.7936718942722668,0.8981501361660807,1
0.7979620129138097,0.4655508163528923,0
0.36654222224913147,0.8321333821760657,1
0.8801997494267574,0.3689052313917055,0
0.070125873925863,0.9091759448590288,1
0.09941954041145717,0.4251195917903905,0
0.8315080874484141,0.07556402127994222,0
0.7255715165973343,0.2699074644848227,0
0.4655139413724063,0.011616559859751519,0
0.7391077284849596,0.39234047196611654,0
0.6620161677569754,0.0021766811691423804,0
0.22159016142911803,0.527717140054802,1
0.162643300145771,0.4767748423255286,0
0.6678995130755173,0.2567644947458684,0
0.6883825373662504,0.5844981030277422,1
0.017105876507485962,0.19763490526599525,0
0.05906365118522139,0.044497208218233,0
0.022651625956528476,0.08126815267223308,0
0.8444421965877256,0.5794971323388184,1
0.06460494698543973,0.6701009928315017,1
0.3430318808981414,0.7269081967554111,1
0.04297768986619099,0.8033569725079799,1
0.22660661711688102,0.38498611904514524,0
0.4397643864468579,0.9022567062943186,1
0.5432401779936191,0.2019820036136164,0
0.30543072556461437,0.3230342794479091,0
0.8395642572907802,0.5127210377643224,1
0.6239866345517707,0.7440249289915747,1
0.43453810221678557,0.38449538420129203,0
0.006010588610878109,0.5045783729311373,0
0.9692739998048998,0.3014488816418075,0
0.2600131574384765,0.14693075576057224,0
0.3254936129687588,0.9714216706737911,1
0.648807101178335,0.24770335085636674,0
0.011665654998376018,0.6631301008525479,1
0.7994027805609013,0.17944181604690357,0
0.20384487429331288,0.5212168845802332,0
0.5645997397877659,0.0466694499960002,0
0.5200821552287349,0.7149750633376208,1
0.4191651801976958,0.7583525352625845,1
0.9905877118239897,0.6741112991056707,1
0.8083625789604985,0.4268041716908071,0
0.5474796200098103,0.6168031515521285,1
0.5670306486172584,0.7702730862588997,1
0.007766771727253818,0.576829935938763,1
0.5887967801590966,0.13002258365115638,0
0.2870740560535465,0.9099995138374375,1
0.7257855527266706,0.22043206786807557,0
0.2026663372095595,0.27088994347805573,0
0.16436939131306272,0.4490680772123221,0
0.6578604863301527,0.4359843906597535,0
0.18750793683370803,0.7978463238274169,1
0.25376410922314985,0.9823211800320635,1
0.302678156310344,0.09279868689678294,0
0.012254666516698154,0.8864092298593216,1
0.08728265294875681,0.20270206386718947,0
0.34719984307912877,0.18223647293735645,0
0.28481401715962995,0.759565789944635,1
0.27775705094426284,0.8739747531044075,1
0.2505883423890529,0.743985253491946,1
0.825704201749088,0.6518770674412337,1
0.8451457487087759,0.9320270125973052,1
0.2734870430991788,0.27386183561605704,0
0.4619952807178118,0.8665637034197873,1
0.8317604233429865,0.6527875635708419,1
0.21284515723295605,0.779733188951519,1
0.4335253706963347,0.7223173630014817,1
0.33372311462761917,0.20118031250423318,0
0.49743605001243774,0.3013719227989198,0
0.264158588976113,0.3001596792073081,0
0.19771733546185843,0.8675433595615438,1
0.8389621105587329,0.2675305391137188,0
0.7322028557749062,0.6931423763692095,1
0.9854749352564902,0.1681280023827011,0
0.06631078239477584,0.03799942420489888,0
0.37495285937963907,0.9940496109498491,1
0.3416487482928998,0.03899617456671167,0
0.4866313725906217,0.5498463010779656,1
0.9478760206628832,0.660824037947397,1
0.23275241132340108,0.4141152384376878,0
0.7743179491400788,0.4552992215550653,0
0.6978662342165359,0.31102702555949346,0
0.6014939932575344,0.4180042083593911,0
0.9088218820888575,0.3971187142796627,0
0.11194786071243334,0.4651875433470912,0
0.34617377284905726,0.9342081901739229,1
0.30419617380685704,0.8616968691709638,1
0.3547247449083628,0.29022512587398996,0
0.35916871814333395,0.27556433594798757,0
0.3715726218351748,0.38605990446165883,0
0.40980178940917555,0.3245617255374009,0
0.4931425479467456,0.37799736790516825,0
0.6736482592284713,0.28718077625362304,0
0.09099645966735193,0.3336345246581902,0
0.10562125592844607,0.5377885499547319,1
0.5846490036790379,0.6840555026242178,1
0.6634215239375002,0.11179431580414712,0
0.41671596867378224,0.6181955514009851,1
0.040681774329139664,0.2143080522598969,0
0.4276402284583868,0.19804952362551165,0
0.9706594001465365,0.4756181653855155,1
0.15921602331635465,0.2340464175053676,0
0.27149843075564273,0.38567466949658,0
0.3437054716100516,0.06810257890715987,0
0.007044075534492045,0.5865754245908797,1
0.19715909073449733,0.8354787102440017,1
0.5102554218616544,0.04859554255635512,0
0.9372188850030813,0.20935550013081605,0
0.3557322770052722,0.33839717414088055,0
0.8100846421396041,0.19094866383677123,0
0.2439708730329503,0.5898086794210233,1
0.6417957057222716,0.269316459055566,0
0.26334899904963915,0.4971266888322965,0
0.7682581536186014,0.1808101402177117,0
0.07185981357253679,0.22830800998345713,0
0.6892120105773443,0.21333704642018136,0
0.2087148821512147,0.19022749029829067,0
0.8269120265794717,0.03814044771829883,0
0.17835292225472565,0.6189849757271928,1
0.11775514830811695,0.6833927990045813,1
0.011638040232494817,0.7073996470635909,1
0.698540090694357,0.7505575328981374,1
0.12857705029826494,0.7768248010941579,1
0.6727731039486071,0.5994730387752248,1
0.9313387014600109,0.6861418276016662,1
0.3047680403558276,0.9220187424405245,1
0.4106573195176837,0.6872544372774142,1
0.2483234448465389,0.6603266159972063,1
0.655867058547346,0.30444316105082025,0
0.1221712443751568,0.47957412940565436,0
0.433260380826198,0.3648960883783616,0
0.43357971599532863,0.5938095245342322,1
0.7697204967559752,0.7908375874726904,1
0.010118256494271227,0.0841439439001831,0
0.2875647793084376,0.7716719083513927,1
0.6310304259704982,0.41115807957274353,0
0.6347964124049855,0.37627790332420374,0
0.9457137503613194,0.04886145373926465,0
0.5272377784663697,0.3643320361273721,0
0.9697641530381405,0.35234429065514794,0
0.4359333352809296,0.6680327167029751,1
0.20072341668943738,0.48911830963347214,0
0.403545434586875,0.9945149331923314,1
0.8237372332302327,0.9840382673763659,1
0.3877239509425755,0.20995549765117594,0
0.20948422273098044,0.029538560701118488,0
0.7109947259687402,0.7522321742821654,1
0.895057722051108,0.942463182716402,1
0.3739198131603413,0.5395308517924533,1
0.8308882048863838,0.2830333079933961,0
0.9253653503575132,0.6215511812298379,1
0.41310173010236717,0.06976670998610779,0
0.4606979046628542,0.9034865781399327,1
0.01675218774426457,0.2861177484404698,0
0.05996584363535784,0.44362202262659967,0
0.7558145417647983,0.7526949126704898,1
0.766778816905609,0.9295595313939797,1
0.5487497384196937,0.5280461633667439,1
0.9040503830298906,0.37257012393266864,0
0.9648804833144723,0.78131621201237,1
0.293077931266576,0.10290551713965923,0
0.18750143993851376,0.8237342204475341,1
0.4958289624669783,0.5089717712710861,1
0.4773693313860047,0.9651664295249074,1
0.19621602114440462,0.9118731865353755,1
0.48163103098436355,0.9983816194622811,1
0.6894063423151799,0.6198221308286611,1
0.2531919766159294,0.0617215771317805,0
0.7500239784022561,0.23683753300390964,0
0.7414493915846733,0.9723998668192032,1
0.8685541964902755,0.23485385784351787,0
0.24078337616921197,0.2507006498785801,0
0.42358301664749554,0.7307632434371816,1
0.8725262925010204,0.43918602553518404,0
0.00031828207198381087,0.9205806322842445,1
0.03541307498690849,0.6096666312031022,1
0.1397600315170584,0.5793025706754654,1
0.9815472785661142,0.23907228032182437,0
0.49469362003896644,0.6860228373764498,1
0.9865014581263526,0.21437082541163366,0
0.5078545945842812,0.7627746139386309,1
0.21216203340964945,0.263894182836934,0
0.7352266613271821,0.0009716490401150413,0
0.8493930730377838,0.904680045868353,1
0.1138422033787515,0.2679200523997285,0
0.04649143809101275,0.8263915706282983,1
0.9119858530574683,0.6177019602172341,1
0.42306223749582994,0.34346167993280674,0
0.465536124664118,0.2573207426535187,0
0.8456116041495295,0.02853779146061397,0
0.16940360092526696,0.575744817397865,1
0.4279596085031012,0.6193449182640955,1
0.1973555090509127,0.1354996000350216,0
0.24474520494454732,0.23741626329662857,0
0.6170538091872749,0.838661168160933,1
0.8295500086361214,0.2889306375564019,0
0.35046628030374205,0.6715140597850789,1
0.867133340139031,0.7872154564287243,1
0.9203931790082426,0.02399870411096816,0
0.6974784912230045,0.5653894489065693,1
0.34655473317372276,0.9483254961418598,1
0.6331106723877808,0.08378223349831171,0
0.31344160832852697,0.2843749786017029,0
0.03605209038857804,0.9717913411660145,1
0.06431351037587463,0.8685820888687765,1
0.6577574504147021,0.024761510590643243,0
0.017699703369910558,0.8823379419104583,1
0.757994443262977,0.8213064388106645,1
0.42852409695393623,0.17004213723832895,0
0.1257106135401953,0.48181691473223787,0
0.004894135910207709,0.841416975166908,1
0.031068854518429667,0.7441598960887736,1
0.9296549459681758,0.201304630697682,0
0.9190240711630997,0.39286272480540574,0
0.790774476642869,0.4215745518935401,0
0.2525072331414747,0.76034208907003,1
0.660540041390514,0.07298348745709005,0
0.7626169765533948,0.512225074727313,1
0.7475086122418928,0.6551708671512004,1
0.6357440961393865,0.06833362270595655,0
0.7778683997340187,0.35920472120669145,0
0.13416216931239588,0.8137880509477154,1
0.5239679546163485,0.3424992100833092,0
0.09525972746413924,0.2841945879647856,0
0.14887029081661196,0.5872129702565397,1
0.8808525603661652,0.2030430766238639,0
0.7287926399709741,0.3660055462745422,0
0.3450323753980178,0.2402849353862373,0
0.7088211597406051,0.3786600296681445,0
0.20873815309794352,0.22026807625433098,0
0.8762315313625021,0.04994989343542877,0
0.4753802909911824,0.8890467082698255,1
0.0942172690200429,0.6656499884549364,1
0.30582492609616463,0.6255477907748089,1
0.6970215067211427,0.6052506112005127,1
0.6940254213177015,0.13651717017246745,0
0.8650432881152194,0.901697231386018,1
0.5796108963018926,0.9080625641071263,1
0.10480956036179245,0.6150401192703342,1
0.31984519689863855,0.26905035371846997,0
0.2716631313561927,0.4541052377217295,0
0.600584614560469,0.8863835979423782,1
0.32957863101614693,0.6552907099889302,1
0.7978088516837748,0.30901091099817535,0
0.559010614222974,0.7462409076685649,1
0.8413061152032566,0.34033665973913296,0
0.6837394752836121,0.8039539611056615,1
0.4317961805574727,0.5747283631052978,1
0.6370495782927688,0.849245377059027,1
0.5915313751502357,0.11202656221509977,0
0.7725532323006734,0.003586092096376392,0
0.4558667029945015,0.22707225913032425,0
0.6147644760289847,0.1864478076275662,0
0.5189813145490644,0.9470651983307763,1
0.4113411772607982,0.9202311671166391,1
0.011521967930544386,0.949976209935033,1
0.6168335250621734,0.1429247031243447,0
0.0062346981951709735,0.6103827838639266,1
0.35881512020191053,0.7670249037839468,1
0.7563779060717851,0.7012649382749604,1
0.8753488652017181,0.8277690888204646,1
0.20644848478834688,0.7660901347334473,1
0.10155409454006026,0.23397095198162587,0
0.7774691285316582,0.43117177898719894,0
0.8016675603239425,0.7636706438661028,1
0.8262134856549851,0.07651581227025939,0
0.5955818857531648,0.8296374558135378,1
0.4589223430264092,0.3066532577101607,0
0.15007995639221017,0.7344717526003979,1
0.7384797563756583,0.6364191669940982,1
0.9899603708669147,0.6258752522443036,1
0.18764170813867187,0.1461207655901442,0
0.04510099078129215,0.41092194869295195,0
0.05555574819560827,0.9825422987336884,1
0.24534340225291307,0.22315520466991845,0
0.21731106375787845,0.21456198061549114,0
0.07740379569913158,0.9816949169764899,1
0.10070665555465719,0.5593592780221676,1
0.20959203953934535,0.3875485229631549,0
0.39884013703585275,0.6091132003883348,1
0.7152487583367498,0.5823835932674022,1
0.8784930779014591,0.3243588328021939,0
0.06194282630658965,0.1330348246004326,0
0.6482684057360402,0.8409705795294794,1
0.5409376801752237,0.38788874339585,0
0.7604995019926124,0.3805693212396518,0
0.6970419150024499,0.6114380950758882,1
0.4050767426652112,0.4831905519438583,0
0.7377054032898744,0.8615593370584175,1
0.9519691439788732,0.7930525138159107,1
0.8537963534091244,0.10619219168474792,0
0.39360991625070396,0.5026027583641614,0
0.8152652679048046,0.5075703765007549,1
0.09876219533399633,0.09092387919496892,0
0.7255719209129995,0.2776742648346764,0
0.9503136856728968,0.8772516448752034,1
0.2989526480039816,0.9403873782895071,1
0.4525492618482957,0.613426991914988,1
0.2370628485005557,0.19045909384636328,0
0.10879247193496644,0.8332246709757197,1
0.4396360473318721,0.7455839477170327,1
0.7905785618583941,0.8250105884107354,1
0.43069020982939643,0.10597526930827128,0
0.13352280383998816,0.25863775113069065,0
0.5535241367680704,0.11469693704341244,0
0.8682989709522301,0.1658047713956574,0
0.0208142046993246,0.717645686001786,1
0.41595992178084373,0.6199300992592042,1
0.038230868818979746,0.5716782183580165,1
0.05260869727281614,0.18419547122773894,0
0.9729979377290606,0.576589710992813,1
0.7329843143992475,0.20712848940143247,0
0.5768820240369403,0.7026453735941866,1
0.7361749714768698,0.015469413353918604,0
0.10764415624986212,0.34069290849455625,0
0.3167407698711433,0.5105589862854747,0
0.7064088193073638,0.12473468019662459,0
0.6909976611071044,0.2690227043932337,0
0.3206181966360854,0.3179703937565732,0
0.4871742610907607,0.7754695528715236,1
0.7239819551233482,0.3062982880493966,0
0.9516053435898637,0.5504116429453991,1
0.7586275215467952,0.10730178357744447,0
0.2784485316713221,0.6705136488803485,1
0.3954179904432348,0.5186853907341712,1
0.4580873207157333,0.7701687161059184,1
0.5441964978080626,0.404726370124438,0
0.7614709665896293,0.30861916559145064,0
0.2866832310946542,0.655942388717813,1
0.42216311601594814,0.7120766336188228,1
0.23622812135493243,0.04566091877126088,0
0.35811877767513767,0.2260636526409523,0
0.6820826697405933,0.7040559176799496,1
0.04332436618873581,0.28470166079137393,0
0.8780367047212034,0.660015393145894,1
0.0030467034756437306,0.8277116791860566,1
0.6473425889180119,0.38530309904703763,0
0.23634350883711375,0.7488230906333031,1
0.5987002246276745,0.26733092380846457,0
0.18186496535645347,0.2668444178920216,0
0.3618918009917049,0.5247543367122836,1
0.8261134224818139,0.828740849890541,1
0.3170492474322074,0.376194264913409,0
0.17923748991955257,0.6367962193726284,1
0.7391270668802249,0.8810143565393284,1
0.8790568965208494,0.4440713835268597,0
0.7030597329481162,0.6587446549784802,1
0.5934660707593418,0.3377317571427143,0
0.14624064357799527,0.9663968882360561,1
0.025759390175243535,0.18409605994130684,0
0.30917891514043505,0.08437445366239171,0
0.337162155266302,0.872096860265223,1
0.017877112216200808,0.6948854966613328,1
0.959946094359101,0.7389752136547394,1
0.4849846897241439,0.23196087852989888,0
0.5836615315940135,0.1627012424018318,0
0.17815170393121837,0.19671249868454277,0
0.24696916586882822,0.9332116294618183,1
0.619271377388924,0.4741166794734899,0
0.6990674829985197,0.7683652234000328,1
0.24818405146316136,0.2070662617253285,0
0.3656759771345274,0.4145508263254447,0
0.573863673877665,0.2957025228421304,0
0.6831560680037124,0.31720154789244737,0
0.30850262234569525,0.9393744437768493,1
0.316345241794871,0.2227190828151503,0
0.014069220463445942,0.5941518724218211,1
0.9379075853777069,0.7827393097718893,1
0.31619931069975293,0.9359961542764029,1
0.3240826491512955,0.3929043154470909,0
0.11506655230437557,0.22094710628543945,0
0.8266375149435735,0.2927311092973799,0
0.6967666421583513,0.6897380897759162,1
0.012466795801271413,0.8965155482279631,1
0.414323905659577,0.15280028117789368,0
0.7945789600568294,0.016911731891272375,0
0.151807515872446,0.5754300402569416,1
0.6504208114349881,0.37380407642271707,0
0.4097432636966767,0.7240788699246836,1
0.8827765172719214,0.16233940621868448,0
0.5519767950613139,0.8903362544728843,1
0.423120117037868,0.9868728952868073,1
0.2761507122499912,0.990317475051823,1
0.4688987197278821,0.9559044359709677,1
0.14113779016595118,0.5321768258071713,1
0.5492809256038466,0.8087068552586476,1
0.39051935053953013,0.07691184918408966,0
0.730391661468681,0.7634141788640256,1
0.35629810771613046,0.4819660778525521,0
0.2520803067520181,0.42906643067581896,0
0.7622018678763524,0.9941825390624692,1
0.3391396767152963,0.499824241520902,0
0.7551343787924415,0.7703264763926304,1
0.5845360136399093,0.7586234562172862,1
0.6535646730822557,0.9284632870938437,1
0.04764398560834571,0.5895655906890637,1
0.17633436032640726,0.8469138510302994,1
0.16437886543698,0.02376992396421007,0
0.8603558443189213,0.814722760167637,1
0.4513964489383546,0.20994261097819422,0
0.6959110520187891,0.702403480669039,1
0.4238771263999983,0.22946317969979368,0
0.39241456151821485,0.05408805160004493,0
0.5814977714098577,0.15499924439811308,0
0.07671757825736614,0.4588208247767087,0
0.4693509165127633,0.45000355247261725,0
0.10837011597322022,0.15276642691676812,0
0.06841899960091102,0.0969288388869527,0
0.21842716092771908,0.9756215190084023,1
0.8070036504927532,0.7362385997713352,1
0.03725461174599409,0.5624889535053763,1
0.682244408471807,0.43790361028671176,0
0.7243613752546577,0.6683853948196115,1
0.44079652157251437,0.6586413509647786,1
0.38808271798543115,0.14635200265455728,0
0.3505032055552014,0.21394524161935147,0
0.8790714082119933,0.060533605078382235,0
0.19389311362008288,0.3485058927350019,0
0.04129047806026487,0.5665357115485136,1
0.8901113772996755,0.3562394461839359,0
0.603935055279486,0.6564878099547772,1
0.12046997016688687,0.5031497700317037,0
0.767517552143198,0.30846592282612717,0
0.18425529472812585,0.8367197015483979,1
0.0827338772037538,0.9337523971957924,1
0.3161546185793016,0.3132457302142271,0
0.3986564333505366,0.9990707446141378,1
0.6709613848157199,0.8727329754831831,1
0.6824117579690677,0.7575923682886456,1
0.2910818156759184,0.7505446005164493,1
0.09119580857734377,0.7827139975779832,1
0.7270861983097837,0.7845532780841997,1
0.876267077751857,0.08772210115665868,0
0.28862462023204494,0.5651216683069432,1
0.1805216796249034,0.7180646395544078,1
0.21842435449248743,0.44208262392133946,0
0.4406599616892639,0.29215521980183023,0
0.27088172773110475,0.5423446740415551,1
0.9030207769610853,0.6710481680393408,1
0.9522873841659317,0.9749676427478953,1
0.08982259358839251,0.8996514216024908,1
0.25515161776455764,0.29896222860706356,0
0.9007992068944043,0.565273517445826,1
0.4725258147524113,0.6257162182465528,1
0.5578036132319885,0.7593819188375204,1
0.09179460847056564,0.5367350621663136,1
0.3180516424931694,0.10980678737935767,0
0.955680453279544,0.8850327558618999,1
0.2933711172015637,0.40236929296817714,0
0.8660140571443381,0.9458901729952279,1
0.059799353681573075,0.16169226205587417,0
0.7527522976390322,0.5477685980233504,1
0.6349900999757047,0.27546337268576104,0
0.6971288772636791,0.22265188007794046,0
0.7583729508796553,0.8527952954486828,1
0.2904653225246774,0.7924380424409991,1
0.815635506896579,0.7366769063990786,1
0.3698194437450747,0.6551392474719042,1
0.2039916110214518,0.1039104675729493,0
0.3159241046887806,0.3777688886831866,0
0.19631086258454888,0.6485513293175417,1
0.8087757353621903,0.9038673508912477,1
0.9362754621231743,0.418206056422751,0
0.27502512881211316,0.047864870899853806,0
0.18781565308529435,0.6035210325620357,1
0.6439035247623365,0.21185736295212632,0
0.8802403829203348,0.4006844862612764,0
0.9778797344026527,0.7452557891916092,1
0.29204252367841776,0.17355591828720562,0
0.5542009841967008,0.9132004523003902,1
0.17957634635393627,0.4518325539436504,0
0.48147857317689924,0.5276999453827333,1
0.8764748548657034,0.13748475380427916,0
0.48878610950523493,0.046131467355463696,0
0.583882095576655,0.10651943058302704,0
0.8387990674539944,0.786813238532497,1
0.48214603357249874,0.8936262180719388,1
0.21446185412073593,0.5198282369700296,0
0.19369686995134527,0.61648331168732,1
0.3470730179301652,0.6873884133628189,1
0.45980736701804636,0.2863478215754166,0
0.22589355681868528,0.4536925489402577,0
0.3434691447836967,0.9411799221432301,1
0.2877893052555037,0.9771692587488396,1
0.2748759080932106,0.81923941787928,1
0.18079471007264225,0.15679139469592518,0
0.46172431862657304,0.23270700577761638,0
0.3969546737713867,0.9137623842789743,1
0.4272824636703465,0.8462907633193875,1
0.9798067189609304,0.9868166657443628,1
0.456392879842873,0.6077445511376114,1
0.8079192854525045,0.8414596969536815,1
0.10580776753420473,0.3299833522467659,0
0.618879943365481,0.5956728159567471,1
0.049191938130972446,0.35051934731637546,0
0.7711146309816329,0.319823507931994,0
0.432613969452745,0.08497762343570081,0
0.0660895739300289,0.5441914038538234,1
0.8346681455734293,0.18147216213978712,0
0.508062441791093,0.943121125262147,1
0.6306986855060436,0.18632045469266367,0
0.333524291979315,0.661199436653499,1
